0 0 0.040000
0 1 0.047619
0 2 0.052632
0 3 0.050000
0 4 0.071429
0 5 1.000000
0 6 0.076923
0 7 0.333333
0 8 1.000000
0 9 0.038462
0 10 0.090909
0 11 0.071429
0 12 0.071429
0 13 1.000000
0 14 0.100000
0 15 0.047619
0 16 0.083333
0 17 0.058824
0 18 0.050000
0 19 0.052632
0 20 0.052632
0 21 0.090909
0 22 0.050000
0 23 0.050000
0 24 0.050000
0 25 0.090909
1 0 0.040000
1 1 0.000000
1 2 0.052632
1 3 0.050000
1 4 0.071429
1 5 0.000000
1 6 0.076923
1 7 0.333333
1 8 0.000000
1 9 0.038462
1 10 0.090909
1 11 0.071429
1 12 0.071429
1 13 0.000000
1 14 0.100000
1 15 0.047619
1 16 0.083333
1 17 0.058824
1 18 0.050000
1 19 0.052632
1 20 0.052632
1 21 0.090909
1 22 0.050000
1 23 0.050000
1 24 0.050000
1 25 0.090909
2 0 0.040000
2 1 0.047619
2 2 0.000000
2 3 0.050000
2 4 0.071429
2 5 0.000000
2 6 0.076923
2 7 0.000000
2 8 0.000000
2 9 0.038462
2 10 0.090909
2 11 0.071429
2 12 0.071429
2 13 0.000000
2 14 0.000000
2 15 0.047619
2 16 0.083333
2 17 0.058824
2 18 0.050000
2 19 0.052632
2 20 0.052632
2 21 0.090909
2 22 0.050000
2 23 0.050000
2 24 0.050000
2 25 0.090909
3 0 0.040000
3 1 0.047619
3 2 0.052632
3 3 0.000000
3 4 0.071429
3 5 0.000000
3 6 0.076923
3 7 0.000000
3 8 0.000000
3 9 0.038462
3 10 0.090909
3 11 0.071429
3 12 0.071429
3 13 0.000000
3 14 0.100000
3 15 0.047619
3 16 0.083333
3 17 0.058824
3 18 0.050000
3 19 0.052632
3 20 0.052632
3 21 0.090909
3 22 0.050000
3 23 0.050000
3 24 0.050000
3 25 0.090909
4 0 0.040000
4 1 0.047619
4 2 0.052632
4 3 0.050000
4 4 0.000000
4 5 0.000000
4 6 0.000000
4 7 0.000000
4 8 0.000000
4 9 0.038462
4 10 0.000000
4 11 0.071429
4 12 0.071429
4 13 0.000000
4 14 0.000000
4 15 0.047619
4 16 0.000000
4 17 0.058824
4 18 0.050000
4 19 0.052632
4 20 0.052632
4 21 0.000000
4 22 0.050000
4 23 0.050000
4 24 0.050000
4 25 0.000000
5 0 0.040000
5 1 0.000000
5 2 0.000000
5 3 0.000000
5 4 0.000000
5 5 0.000000
5 6 0.000000
5 7 0.000000
5 8 0.000000
5 9 0.038462
5 10 0.000000
5 11 0.000000
5 12 0.000000
5 13 0.000000
5 14 0.000000
5 15 0.000000
5 16 0.000000
5 17 0.000000
5 18 0.000000
5 19 0.000000
5 20 0.000000
5 21 0.000000
5 22 0.000000
5 23 0.000000
5 24 0.000000
5 25 0.000000
6 0 0.040000
6 1 0.047619
6 2 0.052632
6 3 0.050000
6 4 0.000000
6 5 0.000000
6 6 0.000000
6 7 0.000000
6 8 0.000000
6 9 0.038462
6 10 0.000000
6 11 0.000000
6 12 0.000000
6 13 0.000000
6 14 0.100000
6 15 0.047619
6 16 0.000000
6 17 0.058824
6 18 0.050000
6 19 0.052632
6 20 0.052632
6 21 0.000000
6 22 0.050000
6 23 0.050000
6 24 0.050000
6 25 0.000000
7 0 0.040000
7 1 0.047619
7 2 0.000000
7 3 0.000000
7 4 0.000000
7 5 0.000000
7 6 0.000000
7 7 0.000000
7 8 0.000000
7 9 0.038462
7 10 0.000000
7 11 0.000000
7 12 0.000000
7 13 0.000000
7 14 0.000000
7 15 0.047619
7 16 0.000000
7 17 0.000000
7 18 0.000000
7 19 0.000000
7 20 0.000000
7 21 0.000000
7 22 0.000000
7 23 0.000000
7 24 0.000000
7 25 0.000000
8 0 0.040000
8 1 0.000000
8 2 0.000000
8 3 0.000000
8 4 0.000000
8 5 0.000000
8 6 0.000000
8 7 0.000000
8 8 0.000000
8 9 0.038462
8 10 0.000000
8 11 0.000000
8 12 0.000000
8 13 0.000000
8 14 0.000000
8 15 0.000000
8 16 0.000000
8 17 0.000000
8 18 0.000000
8 19 0.000000
8 20 0.000000
8 21 0.000000
8 22 0.000000
8 23 0.000000
8 24 0.000000
8 25 0.000000
9 0 0.000000
9 1 0.000000
9 2 0.000000
9 3 0.000000
9 4 0.000000
9 5 0.000000
9 6 0.000000
9 7 0.000000
9 8 0.000000
9 9 0.038462
9 10 0.000000
9 11 0.000000
9 12 0.000000
9 13 0.000000
9 14 0.000000
9 15 0.000000
9 16 0.000000
9 17 0.000000
9 18 0.000000
9 19 0.000000
9 20 0.000000
9 21 0.000000
9 22 0.000000
9 23 0.000000
9 24 0.000000
9 25 0.000000
10 0 0.040000
10 1 0.047619
10 2 0.052632
10 3 0.050000
10 4 0.000000
10 5 0.000000
10 6 0.000000
10 7 0.000000
10 8 0.000000
10 9 0.038462
10 10 0.000000
10 11 0.000000
10 12 0.000000
10 13 0.000000
10 14 0.000000
10 15 0.047619
10 16 0.000000
10 17 0.000000
10 18 0.050000
10 19 0.052632
10 20 0.052632
10 21 0.000000
10 22 0.050000
10 23 0.050000
10 24 0.050000
10 25 0.000000
11 0 0.040000
11 1 0.047619
11 2 0.052632
11 3 0.050000
11 4 0.071429
11 5 0.000000
11 6 0.000000
11 7 0.000000
11 8 0.000000
11 9 0.038462
11 10 0.000000
11 11 0.000000
11 12 0.071429
11 13 0.000000
11 14 0.000000
11 15 0.047619
11 16 0.000000
11 17 0.058824
11 18 0.050000
11 19 0.052632
11 20 0.052632
11 21 0.000000
11 22 0.050000
11 23 0.050000
11 24 0.050000
11 25 0.000000
12 0 0.040000
12 1 0.047619
12 2 0.052632
12 3 0.050000
12 4 0.071429
12 5 0.000000
12 6 0.000000
12 7 0.000000
12 8 0.000000
12 9 0.038462
12 10 0.000000
12 11 0.071429
12 12 0.000000
12 13 0.000000
12 14 0.000000
12 15 0.047619
12 16 0.000000
12 17 0.058824
12 18 0.050000
12 19 0.052632
12 20 0.052632
12 21 0.000000
12 22 0.050000
12 23 0.050000
12 24 0.050000
12 25 0.000000
13 0 0.040000
13 1 0.000000
13 2 0.000000
13 3 0.000000
13 4 0.000000
13 5 0.000000
13 6 0.000000
13 7 0.000000
13 8 0.000000
13 9 0.038462
13 10 0.000000
13 11 0.000000
13 12 0.000000
13 13 0.000000
13 14 0.000000
13 15 0.000000
13 16 0.000000
13 17 0.000000
13 18 0.000000
13 19 0.000000
13 20 0.000000
13 21 0.000000
13 22 0.000000
13 23 0.000000
13 24 0.000000
13 25 0.000000
14 0 0.040000
14 1 0.047619
14 2 0.000000
14 3 0.050000
14 4 0.000000
14 5 0.000000
14 6 0.076923
14 7 0.000000
14 8 0.000000
14 9 0.038462
14 10 0.000000
14 11 0.000000
14 12 0.000000
14 13 0.000000
14 14 0.000000
14 15 0.047619
14 16 0.000000
14 17 0.058824
14 18 0.050000
14 19 0.000000
14 20 0.000000
14 21 0.000000
14 22 0.050000
14 23 0.050000
14 24 0.050000
14 25 0.000000
15 0 0.040000
15 1 0.047619
15 2 0.052632
15 3 0.050000
15 4 0.071429
15 5 0.000000
15 6 0.076923
15 7 0.333333
15 8 0.000000
15 9 0.038462
15 10 0.090909
15 11 0.071429
15 12 0.071429
15 13 0.000000
15 14 0.100000
15 15 0.000000
15 16 0.083333
15 17 0.058824
15 18 0.050000
15 19 0.052632
15 20 0.052632
15 21 0.090909
15 22 0.050000
15 23 0.050000
15 24 0.050000
15 25 0.090909
16 0 0.040000
16 1 0.047619
16 2 0.052632
16 3 0.050000
16 4 0.000000
16 5 0.000000
16 6 0.000000
16 7 0.000000
16 8 0.000000
16 9 0.038462
16 10 0.000000
16 11 0.000000
16 12 0.000000
16 13 0.000000
16 14 0.000000
16 15 0.047619
16 16 0.000000
16 17 0.058824
16 18 0.050000
16 19 0.052632
16 20 0.052632
16 21 0.000000
16 22 0.050000
16 23 0.050000
16 24 0.050000
16 25 0.000000
17 0 0.040000
17 1 0.047619
17 2 0.052632
17 3 0.050000
17 4 0.071429
17 5 0.000000
17 6 0.076923
17 7 0.000000
17 8 0.000000
17 9 0.038462
17 10 0.000000
17 11 0.071429
17 12 0.071429
17 13 0.000000
17 14 0.100000
17 15 0.047619
17 16 0.083333
17 17 0.000000
17 18 0.050000
17 19 0.052632
17 20 0.052632
17 21 0.000000
17 22 0.050000
17 23 0.050000
17 24 0.050000
17 25 0.000000
18 0 0.040000
18 1 0.047619
18 2 0.052632
18 3 0.050000
18 4 0.071429
18 5 0.000000
18 6 0.076923
18 7 0.000000
18 8 0.000000
18 9 0.038462
18 10 0.090909
18 11 0.071429
18 12 0.071429
18 13 0.000000
18 14 0.100000
18 15 0.047619
18 16 0.083333
18 17 0.058824
18 18 0.000000
18 19 0.052632
18 20 0.052632
18 21 0.090909
18 22 0.050000
18 23 0.050000
18 24 0.050000
18 25 0.090909
19 0 0.040000
19 1 0.047619
19 2 0.052632
19 3 0.050000
19 4 0.071429
19 5 0.000000
19 6 0.076923
19 7 0.000000
19 8 0.000000
19 9 0.038462
19 10 0.090909
19 11 0.071429
19 12 0.071429
19 13 0.000000
19 14 0.000000
19 15 0.047619
19 16 0.083333
19 17 0.058824
19 18 0.050000
19 19 0.000000
19 20 0.052632
19 21 0.090909
19 22 0.050000
19 23 0.050000
19 24 0.050000
19 25 0.090909
20 0 0.040000
20 1 0.047619
20 2 0.052632
20 3 0.050000
20 4 0.071429
20 5 0.000000
20 6 0.076923
20 7 0.000000
20 8 0.000000
20 9 0.038462
20 10 0.090909
20 11 0.071429
20 12 0.071429
20 13 0.000000
20 14 0.000000
20 15 0.047619
20 16 0.083333
20 17 0.058824
20 18 0.050000
20 19 0.052632
20 20 0.000000
20 21 0.090909
20 22 0.050000
20 23 0.050000
20 24 0.050000
20 25 0.090909
21 0 0.040000
21 1 0.047619
21 2 0.052632
21 3 0.050000
21 4 0.000000
21 5 0.000000
21 6 0.000000
21 7 0.000000
21 8 0.000000
21 9 0.038462
21 10 0.000000
21 11 0.000000
21 12 0.000000
21 13 0.000000
21 14 0.000000
21 15 0.047619
21 16 0.000000
21 17 0.000000
21 18 0.050000
21 19 0.052632
21 20 0.052632
21 21 0.000000
21 22 0.050000
21 23 0.050000
21 24 0.050000
21 25 0.000000
22 0 0.040000
22 1 0.047619
22 2 0.052632
22 3 0.050000
22 4 0.071429
22 5 0.000000
22 6 0.076923
22 7 0.000000
22 8 0.000000
22 9 0.038462
22 10 0.090909
22 11 0.071429
22 12 0.071429
22 13 0.000000
22 14 0.100000
22 15 0.047619
22 16 0.083333
22 17 0.058824
22 18 0.050000
22 19 0.052632
22 20 0.052632
22 21 0.090909
22 22 0.000000
22 23 0.050000
22 24 0.050000
22 25 0.090909
23 0 0.040000
23 1 0.047619
23 2 0.052632
23 3 0.050000
23 4 0.071429
23 5 0.000000
23 6 0.076923
23 7 0.000000
23 8 0.000000
23 9 0.038462
23 10 0.090909
23 11 0.071429
23 12 0.071429
23 13 0.000000
23 14 0.100000
23 15 0.047619
23 16 0.083333
23 17 0.058824
23 18 0.050000
23 19 0.052632
23 20 0.052632
23 21 0.090909
23 22 0.050000
23 23 0.000000
23 24 0.050000
23 25 0.090909
24 0 0.040000
24 1 0.047619
24 2 0.052632
24 3 0.050000
24 4 0.071429
24 5 0.000000
24 6 0.076923
24 7 0.000000
24 8 0.000000
24 9 0.038462
24 10 0.090909
24 11 0.071429
24 12 0.071429
24 13 0.000000
24 14 0.100000
24 15 0.047619
24 16 0.083333
24 17 0.058824
24 18 0.050000
24 19 0.052632
24 20 0.052632
24 21 0.090909
24 22 0.050000
24 23 0.050000
24 24 0.000000
24 25 0.090909
25 0 0.040000
25 1 0.047619
25 2 0.052632
25 3 0.050000
25 4 0.000000
25 5 0.000000
25 6 0.000000
25 7 0.000000
25 8 0.000000
25 9 0.038462
25 10 0.000000
25 11 0.000000
25 12 0.000000
25 13 0.000000
25 14 0.000000
25 15 0.047619
25 16 0.000000
25 17 0.000000
25 18 0.050000
25 19 0.052632
25 20 0.052632
25 21 0.000000
25 22 0.050000
25 23 0.050000
25 24 0.050000
25 25 0.000000
