0 0 1.000000
0 1 0.022036
0 2 0.065169
0 3 0.000131
0 4 0.000000
0 5 0.000000
0 6 0.001338
0 7 0.018371
0 8 0.006507
0 9 0.023341
0 10 0.000423
0 11 0.000434
0 12 0.000054
0 13 0.000862
0 14 0.009940
0 15 0.020564
0 16 0.000000
0 17 0.065652
0 18 0.000001
0 19 0.000004
0 20 0.000001
0 21 0.000000
0 22 0.000094
0 23 0.005484
0 24 0.000000
0 25 0.000169
0 26 0.081761
0 27 0.051700
0 28 0.374669
0 29 0.000114
0 30 0.000009
0 31 0.082625
0 32 0.000090
0 33 0.000379
0 34 0.049598
0 35 0.000195
0 36 0.000000
0 37 0.002385
0 38 0.024596
0 39 0.000027
0 40 0.000000
0 41 0.002929
0 42 0.029161
0 43 0.040643
1 0 0.022036
1 1 1.000000
1 2 0.060441
1 3 0.000009
1 4 0.000000
1 5 0.000000
1 6 0.000000
1 7 0.014712
1 8 0.005229
1 9 0.021220
1 10 0.000059
1 11 0.000142
1 12 0.000024
1 13 0.000053
1 14 0.006428
1 15 0.018643
1 16 0.000000
1 17 0.037435
1 18 0.000002
1 19 0.000000
1 20 0.000000
1 21 0.000000
1 22 0.000043
1 23 0.000687
1 24 0.000002
1 25 0.000078
1 26 0.075837
1 27 0.047961
1 28 0.263427
1 29 0.000008
1 30 0.000000
1 31 0.070781
1 32 0.000024
1 33 0.000017
1 34 0.045874
1 35 0.000090
1 36 0.000002
1 37 0.000368
1 38 0.003081
1 39 0.001559
1 40 0.000000
1 41 0.000367
1 42 0.026448
1 43 0.032256
2 0 0.065169
2 1 0.060441
2 2 1.000000
2 3 0.000028
2 4 0.000000
2 5 0.000000
2 6 0.000000
2 7 0.042919
2 8 0.015188
2 9 0.063075
2 10 0.000004
2 11 0.000422
2 12 0.000070
2 13 0.000013
2 14 0.017856
2 15 0.055290
2 16 0.000000
2 17 0.100832
2 18 0.000000
2 19 0.000000
2 20 0.000307
2 21 0.000000
2 22 0.000108
2 23 0.000059
2 24 0.000000
2 25 0.000210
2 26 0.225716
2 27 0.142647
2 28 0.000009
2 29 0.000000
2 30 0.000000
2 31 0.208023
2 32 0.000059
2 33 0.000021
2 34 0.136443
2 35 0.000227
2 36 0.000000
2 37 0.000026
2 38 0.000265
2 39 0.000150
2 40 0.000000
2 41 0.000032
2 42 0.078447
2 43 0.093545
3 0 0.000131
3 1 0.000009
3 2 0.000028
3 3 1.000000
3 4 0.000000
3 5 0.000021
3 6 0.000000
3 7 0.000028
3 8 0.000012
3 9 0.000096
3 10 0.000004
3 11 0.000000
3 12 0.000000
3 13 0.000000
3 14 0.000038
3 15 0.000013
3 16 0.000000
3 17 0.000300
3 18 0.000003
3 19 0.000000
3 20 0.000000
3 21 0.000000
3 22 0.000025
3 23 0.000054
3 24 0.000000
3 25 0.000053
3 26 0.000058
3 27 0.000019
3 28 0.000008
3 29 0.000000
3 30 0.000000
3 31 0.000099
3 32 0.000022
3 33 0.000005
3 34 0.000069
3 35 0.000077
3 36 0.000000
3 37 0.000023
3 38 0.000580
3 39 0.000000
3 40 0.000000
3 41 0.000029
3 42 0.000018
3 43 0.000079
4 0 0.000000
4 1 0.000000
4 2 0.000000
4 3 0.000000
4 4 1.000000
4 5 0.000000
4 6 0.000000
4 7 0.000000
4 8 0.000000
4 9 0.000000
4 10 0.000000
4 11 0.000000
4 12 0.000000
4 13 0.000000
4 14 0.000000
4 15 0.000000
4 16 0.000000
4 17 0.000000
4 18 0.000000
4 19 0.000000
4 20 0.000000
4 21 0.000000
4 22 0.000000
4 23 0.000000
4 24 0.000000
4 25 0.000000
4 26 0.000000
4 27 0.000000
4 28 0.000000
4 29 0.000000
4 30 0.000000
4 31 0.000000
4 32 0.000000
4 33 0.000000
4 34 0.000000
4 35 0.000000
4 36 0.000000
4 37 0.000000
4 38 0.000000
4 39 0.000000
4 40 0.000000
4 41 0.000000
4 42 0.000000
4 43 0.000000
5 0 0.000000
5 1 0.000000
5 2 0.000000
5 3 0.000021
5 4 0.000000
5 5 1.000000
5 6 0.000000
5 7 0.000000
5 8 0.000084
5 9 0.000334
5 10 0.000030
5 11 0.000000
5 12 0.000000
5 13 0.000000
5 14 0.000001
5 15 0.000000
5 16 0.000000
5 17 0.000000
5 18 0.000001
5 19 0.000000
5 20 0.000000
5 21 0.000000
5 22 0.000000
5 23 0.000000
5 24 0.000000
5 25 0.000094
5 26 0.000000
5 27 0.000004
5 28 0.000000
5 29 0.000000
5 30 0.000000
5 31 0.000000
5 32 0.000028
5 33 0.000012
5 34 0.000082
5 35 0.000086
5 36 0.000000
5 37 0.000006
5 38 0.000876
5 39 0.000003
5 40 0.000000
5 41 0.000000
5 42 0.000000
5 43 0.000000
6 0 0.001338
6 1 0.000000
6 2 0.000000
6 3 0.000000
6 4 0.000000
6 5 0.000000
6 6 1.000000
6 7 0.000000
6 8 0.000000
6 9 0.000000
6 10 0.000036
6 11 0.000000
6 12 0.000000
6 13 0.000000
6 14 0.000125
6 15 0.000000
6 16 0.000000
6 17 0.000000
6 18 0.000000
6 19 0.000000
6 20 0.000000
6 21 0.000000
6 22 0.000027
6 23 0.000000
6 24 0.000000
6 25 0.000000
6 26 0.000996
6 27 0.000000
6 28 0.000000
6 29 0.000000
6 30 0.000000
6 31 0.000000
6 32 0.000000
6 33 0.000000
6 34 0.000000
6 35 0.000000
6 36 0.000013
6 37 0.000005
6 38 0.000648
6 39 0.000000
6 40 0.000014
6 41 0.000000
6 42 0.000000
6 43 0.000000
7 0 0.018371
7 1 0.014712
7 2 0.042919
7 3 0.000028
7 4 0.000000
7 5 0.000000
7 6 0.000000
7 7 1.000000
7 8 0.005635
7 9 0.060840
7 10 0.000747
7 11 0.000155
7 12 0.000018
7 13 0.000002
7 14 0.011241
7 15 0.014266
7 16 0.001216
7 17 0.082552
7 18 0.000000
7 19 0.000041
7 20 0.000000
7 21 0.000007
7 22 0.000136
7 23 0.010986
7 24 0.000000
7 25 0.000244
7 26 0.053834
7 27 0.034014
7 28 0.001740
7 29 0.000078
7 30 0.000000
7 31 0.064229
7 32 0.000073
7 33 0.000026
7 34 0.032757
7 35 0.000281
7 36 0.000000
7 37 0.004777
7 38 0.050518
7 39 0.000104
7 40 0.000000
7 41 0.005868
7 42 0.020206
7 43 0.035881
8 0 0.006507
8 1 0.005229
8 2 0.015188
8 3 0.000012
8 4 0.000000
8 5 0.000084
8 6 0.000000
8 7 0.005635
8 8 1.000000
8 9 0.005464
8 10 0.000329
8 11 0.000036
8 12 0.000006
8 13 0.000001
8 14 0.005127
8 15 0.005134
8 16 0.000000
8 17 0.033927
8 18 0.000094
8 19 0.000000
8 20 0.000000
8 21 0.000000
8 22 0.000057
8 23 0.004772
8 24 0.000000
8 25 0.000102
8 26 0.019046
8 27 0.015648
8 28 0.000698
8 29 0.000000
8 30 0.000000
8 31 0.023903
8 32 0.000031
8 33 0.000011
8 34 0.011608
8 35 0.000118
8 36 0.000000
8 37 0.002075
8 38 0.021467
8 39 0.002914
8 40 0.000000
8 41 0.002549
8 42 0.007284
8 43 0.013790
9 0 0.023341
9 1 0.021220
9 2 0.063075
9 3 0.000096
9 4 0.000000
9 5 0.000334
9 6 0.000000
9 7 0.060840
9 8 0.005464
9 9 1.000000
9 10 0.000053
9 11 0.000148
9 12 0.000025
9 13 0.000003
9 14 0.006739
9 15 0.019460
9 16 0.000002
9 17 0.039377
9 18 0.000000
9 19 0.000000
9 20 0.004678
9 21 0.000000
9 22 0.000049
9 23 0.000775
9 24 0.000000
9 25 0.000915
9 26 0.079141
9 27 0.050015
9 28 0.031020
9 29 0.000068
9 30 0.000000
9 31 0.073942
9 32 0.000040
9 33 0.000194
9 34 0.047881
9 35 0.000096
9 36 0.000000
9 37 0.000337
9 38 0.003479
9 39 0.000019
9 40 0.000000
9 41 0.000414
9 42 0.027608
9 43 0.033732
10 0 0.000423
10 1 0.000059
10 2 0.000004
10 3 0.000004
10 4 0.000000
10 5 0.000030
10 6 0.000036
10 7 0.000747
10 8 0.000329
10 9 0.000053
10 10 1.000000
10 11 0.000000
10 12 0.000000
10 13 0.000000
10 14 0.001129
10 15 0.000174
10 16 0.000000
10 17 0.009432
10 18 0.000001
10 19 0.000015
10 20 0.021282
10 21 0.000000
10 22 0.000018
10 23 0.001769
10 24 0.000000
10 25 0.000032
10 26 0.000002
10 27 0.000041
10 28 0.000280
10 29 0.000000
10 30 0.000000
10 31 0.002357
10 32 0.000009
10 33 0.000031
10 34 0.000036
10 35 0.000037
10 36 0.000000
10 37 0.000769
10 38 0.007933
10 39 0.000559
10 40 0.000000
10 41 0.000945
10 42 0.000255
10 43 0.002189
11 0 0.000434
11 1 0.000142
11 2 0.000422
11 3 0.000000
11 4 0.000000
11 5 0.000000
11 6 0.000000
11 7 0.000155
11 8 0.000036
11 9 0.000148
11 10 0.000000
11 11 1.000000
11 12 0.000000
11 13 0.000495
11 14 0.000043
11 15 0.000130
11 16 0.000000
11 17 0.000236
11 18 0.000000
11 19 0.000221
11 20 0.001197
11 21 0.000000
11 22 0.000000
11 23 0.000000
11 24 0.000054
11 25 0.000000
11 26 0.000704
11 27 0.000342
11 28 0.000057
11 29 0.000064
11 30 0.000211
11 31 0.000488
11 32 0.000000
11 33 0.000000
11 34 0.000320
11 35 0.000001
11 36 0.000000
11 37 0.000000
11 38 0.000000
11 39 0.000006
11 40 0.000000
11 41 0.000000
11 42 0.000188
11 43 0.000219
12 0 0.000054
12 1 0.000024
12 2 0.000070
12 3 0.000000
12 4 0.000000
12 5 0.000000
12 6 0.000000
12 7 0.000018
12 8 0.000006
12 9 0.000025
12 10 0.000000
12 11 0.000000
12 12 1.000000
12 13 0.000001
12 14 0.000008
12 15 0.000022
12 16 0.000839
12 17 0.000047
12 18 0.000000
12 19 0.000415
12 20 0.010438
12 21 0.000000
12 22 0.000000
12 23 0.000001
12 24 0.000000
12 25 0.000000
12 26 0.000187
12 27 0.000057
12 28 0.000000
12 29 0.000000
12 30 0.000000
12 31 0.000083
12 32 0.000000
12 33 0.000000
12 34 0.000053
12 35 0.000000
12 36 0.000000
12 37 0.000001
12 38 0.002863
12 39 0.000204
12 40 0.000000
12 41 0.000001
12 42 0.000031
12 43 0.000038
13 0 0.000862
13 1 0.000053
13 2 0.000013
13 3 0.000000
13 4 0.000000
13 5 0.000000
13 6 0.000000
13 7 0.000002
13 8 0.000001
13 9 0.000003
13 10 0.000000
13 11 0.000495
13 12 0.000001
13 13 1.000000
13 14 0.000073
13 15 0.000041
13 16 0.000000
13 17 0.000028
13 18 0.000000
13 19 0.004443
13 20 0.000000
13 21 0.000000
13 22 0.000000
13 23 0.000000
13 24 0.000000
13 25 0.000000
13 26 0.003526
13 27 0.000007
13 28 0.000000
13 29 0.122882
13 30 0.009331
13 31 0.000010
13 32 0.000000
13 33 0.000000
13 34 0.000006
13 35 0.000000
13 36 0.000000
13 37 0.000000
13 38 0.000000
13 39 0.000097
13 40 0.000000
13 41 0.000000
13 42 0.000059
13 43 0.000028
14 0 0.009940
14 1 0.006428
14 2 0.017856
14 3 0.000038
14 4 0.000000
14 5 0.000001
14 6 0.000125
14 7 0.011241
14 8 0.005127
14 9 0.006739
14 10 0.001129
14 11 0.000043
14 12 0.000008
14 13 0.000073
14 14 1.000000
14 15 0.007102
14 16 0.000000
14 17 0.097939
14 18 0.000165
14 19 0.000000
14 20 0.000000
14 21 0.000000
14 22 0.000176
14 23 0.016500
14 24 0.000021
14 25 0.000315
14 26 0.022365
14 27 0.020061
14 28 0.052105
14 29 0.000017
14 30 0.000001
14 31 0.042582
14 32 0.000094
14 33 0.000034
14 34 0.013906
14 35 0.000364
14 36 0.000013
14 37 0.007174
14 38 0.074102
14 39 0.004785
14 40 0.000000
14 41 0.008812
14 42 0.010048
14 43 0.029673
15 0 0.020564
15 1 0.018643
15 2 0.055290
15 3 0.000013
15 4 0.000000
15 5 0.000000
15 6 0.000000
15 7 0.014266
15 8 0.005134
15 9 0.019460
15 10 0.000174
15 11 0.000130
15 12 0.000022
15 13 0.000041
15 14 0.007102
15 15 1.000000
15 16 0.000028
15 17 0.044553
15 18 0.000000
15 19 0.000006
15 20 0.001222
15 21 0.000000
15 22 0.000059
15 23 0.002562
15 24 0.000000
15 25 0.000106
15 26 0.069368
15 27 0.043838
15 28 0.000376
15 29 0.000005
15 30 0.000000
15 31 0.067319
15 32 0.000032
15 33 0.000011
15 34 0.041983
15 35 0.000122
15 36 0.000000
15 37 0.001114
15 38 0.011545
15 39 0.000057
15 40 0.000001
15 41 0.001369
15 42 0.024456
15 43 0.031896
16 0 0.000000
16 1 0.000000
16 2 0.000000
16 3 0.000000
16 4 0.000000
16 5 0.000000
16 6 0.000000
16 7 0.001216
16 8 0.000000
16 9 0.000002
16 10 0.000000
16 11 0.000000
16 12 0.000839
16 13 0.000000
16 14 0.000000
16 15 0.000028
16 16 1.000000
16 17 0.000000
16 18 0.000101
16 19 0.000002
16 20 0.000015
16 21 0.000000
16 22 0.000000
16 23 0.000000
16 24 0.000000
16 25 0.000000
16 26 0.000001
16 27 0.000000
16 28 0.347496
16 29 0.000027
16 30 0.000000
16 31 0.000000
16 32 0.000049
16 33 0.000053
16 34 0.000227
16 35 0.000000
16 36 0.000000
16 37 0.000004
16 38 0.000017
16 39 0.000000
16 40 0.000000
16 41 0.000000
16 42 0.000000
16 43 0.000051
17 0 0.065652
17 1 0.037435
17 2 0.100832
17 3 0.000300
17 4 0.000000
17 5 0.000000
17 6 0.000000
17 7 0.082552
17 8 0.033927
17 9 0.039377
17 10 0.009432
17 11 0.000236
17 12 0.000047
17 13 0.000028
17 14 0.097939
17 15 0.044553
17 16 0.000000
17 17 1.000000
17 18 0.000000
17 19 0.000000
17 20 0.000116
17 21 0.000000
17 22 0.001453
17 23 0.138648
17 24 0.000000
17 25 0.002594
17 26 0.126180
17 27 0.079706
17 28 0.020294
17 29 0.000003
17 30 0.000002
17 31 0.300940
17 32 0.000777
17 33 0.000277
17 34 0.079051
17 35 0.002994
17 36 0.000000
17 37 0.060287
17 38 0.621749
17 39 0.000009
17 40 0.000000
17 41 0.074049
17 42 0.062794
17 43 0.223780
18 0 0.000001
18 1 0.000002
18 2 0.000000
18 3 0.000003
18 4 0.000000
18 5 0.000001
18 6 0.000000
18 7 0.000000
18 8 0.000094
18 9 0.000000
18 10 0.000001
18 11 0.000000
18 12 0.000000
18 13 0.000000
18 14 0.000165
18 15 0.000000
18 16 0.000101
18 17 0.000000
18 18 1.000000
18 19 0.000000
18 20 0.004611
18 21 0.000000
18 22 0.000000
18 23 0.000000
18 24 0.000000
18 25 0.000000
18 26 0.000000
18 27 0.000941
18 28 0.000000
18 29 0.000000
18 30 0.000000
18 31 0.000000
18 32 0.000000
18 33 0.000000
18 34 0.000000
18 35 0.000000
18 36 0.000000
18 37 0.000000
18 38 0.000140
18 39 0.000893
18 40 0.000000
18 41 0.000000
18 42 0.000003
18 43 0.000000
19 0 0.000004
19 1 0.000000
19 2 0.000000
19 3 0.000000
19 4 0.000000
19 5 0.000000
19 6 0.000000
19 7 0.000041
19 8 0.000000
19 9 0.000000
19 10 0.000015
19 11 0.000221
19 12 0.000415
19 13 0.004443
19 14 0.000000
19 15 0.000006
19 16 0.000002
19 17 0.000000
19 18 0.000000
19 19 1.000000
19 20 0.000007
19 21 0.010760
19 22 0.000000
19 23 0.000000
19 24 0.004658
19 25 0.000000
19 26 0.000029
19 27 0.000000
19 28 0.110665
19 29 0.000850
19 30 0.000063
19 31 0.000000
19 32 0.000000
19 33 0.000000
19 34 0.000000
19 35 0.000000
19 36 0.000000
19 37 0.000001
19 38 0.000008
19 39 0.000000
19 40 0.000000
19 41 0.000000
19 42 0.000000
19 43 0.000013
20 0 0.000001
20 1 0.000000
20 2 0.000307
20 3 0.000000
20 4 0.000000
20 5 0.000000
20 6 0.000000
20 7 0.000000
20 8 0.000000
20 9 0.004678
20 10 0.021282
20 11 0.001197
20 12 0.010438
20 13 0.000000
20 14 0.000000
20 15 0.001222
20 16 0.000015
20 17 0.000116
20 18 0.004611
20 19 0.000007
20 20 1.000000
20 21 0.995901
20 22 0.000698
20 23 0.000000
20 24 0.000000
20 25 0.000000
20 26 0.000002
20 27 0.000000
20 28 0.000154
20 29 0.000277
20 30 0.000000
20 31 0.000000
20 32 0.000000
20 33 0.000000
20 34 0.001300
20 35 0.000000
20 36 0.000000
20 37 0.000238
20 38 0.000049
20 39 0.000014
20 40 0.000000
20 41 0.000000
20 42 0.000000
20 43 0.000000
21 0 0.000000
21 1 0.000000
21 2 0.000000
21 3 0.000000
21 4 0.000000
21 5 0.000000
21 6 0.000000
21 7 0.000007
21 8 0.000000
21 9 0.000000
21 10 0.000000
21 11 0.000000
21 12 0.000000
21 13 0.000000
21 14 0.000000
21 15 0.000000
21 16 0.000000
21 17 0.000000
21 18 0.000000
21 19 0.010760
21 20 0.995901
21 21 1.000000
21 22 0.000000
21 23 0.000000
21 24 0.000000
21 25 0.000000
21 26 0.000000
21 27 0.000000
21 28 0.014110
21 29 0.000000
21 30 0.000000
21 31 0.000000
21 32 0.000000
21 33 0.000000
21 34 0.000000
21 35 0.000000
21 36 0.000000
21 37 0.000000
21 38 0.000000
21 39 0.085301
21 40 0.000000
21 41 0.000000
21 42 0.000000
21 43 0.000000
22 0 0.000094
22 1 0.000043
22 2 0.000108
22 3 0.000025
22 4 0.000000
22 5 0.000000
22 6 0.000027
22 7 0.000136
22 8 0.000057
22 9 0.000049
22 10 0.000018
22 11 0.000000
22 12 0.000000
22 13 0.000000
22 14 0.000176
22 15 0.000059
22 16 0.000000
22 17 0.001453
22 18 0.000000
22 19 0.000000
22 20 0.000698
22 21 0.000000
22 22 1.000000
22 23 0.000261
22 24 0.000001
22 25 0.000307
22 26 0.000135
22 27 0.000085
22 28 0.000038
22 29 0.000000
22 30 0.000000
22 31 0.000472
22 32 0.000020
22 33 0.000075
22 34 0.000092
22 35 0.000040
22 36 0.000000
22 37 0.000114
22 38 0.001172
22 39 0.000000
22 40 0.000000
22 41 0.000140
22 42 0.000083
22 43 0.000379
23 0 0.005484
23 1 0.000687
23 2 0.000059
23 3 0.000054
23 4 0.000000
23 5 0.000000
23 6 0.000000
23 7 0.010986
23 8 0.004772
23 9 0.000775
23 10 0.001769
23 11 0.000000
23 12 0.000001
23 13 0.000000
23 14 0.016500
23 15 0.002562
23 16 0.000000
23 17 0.138648
23 18 0.000000
23 19 0.000000
23 20 0.000000
23 21 0.000000
23 22 0.000261
23 23 1.000000
23 24 0.000000
23 25 0.000466
23 26 0.000011
23 27 0.000000
23 28 0.003806
23 29 0.000000
23 30 0.000000
23 31 0.034646
23 32 0.000140
23 33 0.000050
23 34 0.000527
23 35 0.000538
23 36 0.000000
23 37 0.011306
23 38 0.116763
23 39 0.000000
23 40 0.000000
23 41 0.013887
23 42 0.003557
23 43 0.032171
24 0 0.000000
24 1 0.000002
24 2 0.000000
24 3 0.000000
24 4 0.000000
24 5 0.000000
24 6 0.000000
24 7 0.000000
24 8 0.000000
24 9 0.000000
24 10 0.000000
24 11 0.000054
24 12 0.000000
24 13 0.000000
24 14 0.000021
24 15 0.000000
24 16 0.000000
24 17 0.000000
24 18 0.000000
24 19 0.004658
24 20 0.000000
24 21 0.000000
24 22 0.000001
24 23 0.000000
24 24 1.000000
24 25 0.000000
24 26 0.002866
24 27 0.000000
24 28 0.000000
24 29 0.065208
24 30 0.004669
24 31 0.000000
24 32 0.000000
24 33 0.000000
24 34 0.000000
24 35 0.000000
24 36 0.000000
24 37 0.000000
24 38 0.000000
24 39 0.000000
24 40 0.000000
24 41 0.000000
24 42 0.000000
24 43 0.000000
25 0 0.000169
25 1 0.000078
25 2 0.000210
25 3 0.000053
25 4 0.000000
25 5 0.000094
25 6 0.000000
25 7 0.000244
25 8 0.000102
25 9 0.000915
25 10 0.000032
25 11 0.000000
25 12 0.000000
25 13 0.000000
25 14 0.000315
25 15 0.000106
25 16 0.000000
25 17 0.002594
25 18 0.000000
25 19 0.000000
25 20 0.000000
25 21 0.000000
25 22 0.000307
25 23 0.000466
25 24 0.000000
25 25 1.000000
25 26 0.000605
25 27 0.000157
25 28 0.000068
25 29 0.000000
25 30 0.000000
25 31 0.000847
25 32 0.000186
25 33 0.000056
25 34 0.000356
25 35 0.000678
25 36 0.000000
25 37 0.000203
25 38 0.003986
25 39 0.000000
25 40 0.000000
25 41 0.000250
25 42 0.000149
25 43 0.000678
26 0 0.081761
26 1 0.075837
26 2 0.225716
26 3 0.000058
26 4 0.000000
26 5 0.000000
26 6 0.000996
26 7 0.053834
26 8 0.019046
26 9 0.079141
26 10 0.000002
26 11 0.000704
26 12 0.000187
26 13 0.003526
26 14 0.022365
26 15 0.069368
26 16 0.000001
26 17 0.126180
26 18 0.000000
26 19 0.000029
26 20 0.000002
26 21 0.000000
26 22 0.000135
26 23 0.000011
26 24 0.002866
26 25 0.000605
26 26 1.000000
26 27 0.179037
26 28 0.014295
26 29 0.000658
26 30 0.000047
26 31 0.260931
26 32 0.000074
26 33 0.000284
26 34 0.171534
26 35 0.000283
26 36 0.000000
26 37 0.000005
26 38 0.000052
26 39 0.000003
26 40 0.000000
26 41 0.000006
26 42 0.098422
26 43 0.117297
27 0 0.051700
27 1 0.047961
27 2 0.142647
27 3 0.000019
27 4 0.000000
27 5 0.000004
27 6 0.000000
27 7 0.034014
27 8 0.015648
27 9 0.050015
27 10 0.000041
27 11 0.000342
27 12 0.000057
27 13 0.000007
27 14 0.020061
27 15 0.043838
27 16 0.000000
27 17 0.079706
27 18 0.000941
27 19 0.000000
27 20 0.000000
27 21 0.000000
27 22 0.000085
27 23 0.000000
27 24 0.000000
27 25 0.000157
27 26 0.179037
27 27 1.000000
27 28 0.000000
27 29 0.000000
27 30 0.000000
27 31 0.164892
27 32 0.000047
27 33 0.000017
27 34 0.108194
27 35 0.000179
27 36 0.000000
27 37 0.000000
27 38 0.000677
27 39 0.029039
27 40 0.000000
27 41 0.000000
27 42 0.062329
27 43 0.074120
28 0 0.374669
28 1 0.263427
28 2 0.000009
28 3 0.000008
28 4 0.000000
28 5 0.000000
28 6 0.000000
28 7 0.001740
28 8 0.000698
28 9 0.031020
28 10 0.000280
28 11 0.000057
28 12 0.000000
28 13 0.000000
28 14 0.052105
28 15 0.000376
28 16 0.347496
28 17 0.020294
28 18 0.000000
28 19 0.110665
28 20 0.000154
28 21 0.014110
28 22 0.000038
28 23 0.003806
28 24 0.000000
28 25 0.000068
28 26 0.014295
28 27 0.000000
28 28 1.000000
28 29 0.001931
28 30 0.791219
28 31 0.005071
28 32 0.000020
28 33 0.000007
28 34 0.000077
28 35 0.000079
28 36 0.000000
28 37 0.001655
28 38 0.020957
28 39 0.148319
28 40 0.000000
28 41 0.002032
28 42 0.000957
28 43 0.004728
29 0 0.000114
29 1 0.000008
29 2 0.000000
29 3 0.000000
29 4 0.000000
29 5 0.000000
29 6 0.000000
29 7 0.000078
29 8 0.000000
29 9 0.000068
29 10 0.000000
29 11 0.000064
29 12 0.000000
29 13 0.122882
29 14 0.000017
29 15 0.000005
29 16 0.000027
29 17 0.000003
29 18 0.000000
29 19 0.000850
29 20 0.000277
29 21 0.000000
29 22 0.000000
29 23 0.000000
29 24 0.065208
29 25 0.000000
29 26 0.000658
29 27 0.000000
29 28 0.001931
29 29 1.000000
29 30 0.001451
29 31 0.000000
29 32 0.000000
29 33 0.000000
29 34 0.105645
29 35 0.005563
29 36 0.000000
29 37 0.000000
29 38 0.000025
29 39 0.000051
29 40 0.000000
29 41 0.000000
29 42 0.000007
29 43 0.000011
30 0 0.000009
30 1 0.000000
30 2 0.000000
30 3 0.000000
30 4 0.000000
30 5 0.000000
30 6 0.000000
30 7 0.000000
30 8 0.000000
30 9 0.000000
30 10 0.000000
30 11 0.000211
30 12 0.000000
30 13 0.009331
30 14 0.000001
30 15 0.000000
30 16 0.000000
30 17 0.000002
30 18 0.000000
30 19 0.000063
30 20 0.000000
30 21 0.000000
30 22 0.000000
30 23 0.000000
30 24 0.004669
30 25 0.000000
30 26 0.000047
30 27 0.000000
30 28 0.791219
30 29 0.001451
30 30 1.000000
30 31 0.000000
30 32 0.000000
30 33 0.001538
30 34 0.000000
30 35 0.000000
30 36 0.000000
30 37 0.000000
30 38 0.000000
30 39 0.000001
30 40 0.000000
30 41 0.000000
30 42 0.000001
30 43 0.000000
31 0 0.082625
31 1 0.070781
31 2 0.208023
31 3 0.000099
31 4 0.000000
31 5 0.000000
31 6 0.000000
31 7 0.064229
31 8 0.023903
31 9 0.073942
31 10 0.002357
31 11 0.000488
31 12 0.000083
31 13 0.000010
31 14 0.042582
31 15 0.067319
31 16 0.000000
31 17 0.300940
31 18 0.000000
31 19 0.000000
31 20 0.000000
31 21 0.000000
31 22 0.000472
31 23 0.034646
31 24 0.000000
31 25 0.000847
31 26 0.260931
31 27 0.164892
31 28 0.005071
31 29 0.000000
31 30 0.000000
31 31 1.000000
31 32 0.000254
31 33 0.000090
31 34 0.158423
31 35 0.000977
31 36 0.000000
31 37 0.015065
31 38 0.155366
31 39 0.000000
31 40 0.000000
31 41 0.018504
31 42 0.095411
31 43 0.150917
32 0 0.000090
32 1 0.000024
32 2 0.000059
32 3 0.000022
32 4 0.000000
32 5 0.000028
32 6 0.000000
32 7 0.000073
32 8 0.000031
32 9 0.000040
32 10 0.000009
32 11 0.000000
32 12 0.000000
32 13 0.000000
32 14 0.000094
32 15 0.000032
32 16 0.000049
32 17 0.000777
32 18 0.000000
32 19 0.000000
32 20 0.000000
32 21 0.000000
32 22 0.000020
32 23 0.000140
32 24 0.000000
32 25 0.000186
32 26 0.000074
32 27 0.000047
32 28 0.000020
32 29 0.000000
32 30 0.000000
32 31 0.000254
32 32 1.000000
32 33 0.000040
32 34 0.000047
32 35 0.000081
32 36 0.000000
32 37 0.000061
32 38 0.001796
32 39 0.000000
32 40 0.000000
32 41 0.000075
32 42 0.000045
32 43 0.000203
33 0 0.000379
33 1 0.000017
33 2 0.000021
33 3 0.000005
33 4 0.000000
33 5 0.000012
33 6 0.000000
33 7 0.000026
33 8 0.000011
33 9 0.000194
33 10 0.000031
33 11 0.000000
33 12 0.000000
33 13 0.000000
33 14 0.000034
33 15 0.000011
33 16 0.000053
33 17 0.000277
33 18 0.000000
33 19 0.000000
33 20 0.000000
33 21 0.000000
33 22 0.000075
33 23 0.000050
33 24 0.000000
33 25 0.000056
33 26 0.000284
33 27 0.000017
33 28 0.000007
33 29 0.000000
33 30 0.001538
33 31 0.000090
33 32 0.000040
33 33 1.000000
33 34 0.000028
33 35 0.000095
33 36 0.000000
33 37 0.000022
33 38 0.000223
33 39 0.000000
33 40 0.000000
33 41 0.000028
33 42 0.000016
33 43 0.000132
34 0 0.049598
34 1 0.045874
34 2 0.136443
34 3 0.000069
34 4 0.000000
34 5 0.000082
34 6 0.000000
34 7 0.032757
34 8 0.011608
34 9 0.047881
34 10 0.000036
34 11 0.000320
34 12 0.000053
34 13 0.000006
34 14 0.013906
34 15 0.041983
34 16 0.000227
34 17 0.079051
34 18 0.000000
34 19 0.000000
34 20 0.001300
34 21 0.000000
34 22 0.000092
34 23 0.000527
34 24 0.000000
34 25 0.000356
34 26 0.171534
34 27 0.108194
34 28 0.000077
34 29 0.105645
34 30 0.000000
34 31 0.158423
34 32 0.000047
34 33 0.000028
34 34 1.000000
34 35 0.000182
34 36 0.000000
34 37 0.000229
34 38 0.002565
34 39 0.000333
34 40 0.000000
34 41 0.000283
34 42 0.059566
34 43 0.071618
35 0 0.000195
35 1 0.000090
35 2 0.000227
35 3 0.000077
35 4 0.000000
35 5 0.000086
35 6 0.000000
35 7 0.000281
35 8 0.000118
35 9 0.000096
35 10 0.000037
35 11 0.000001
35 12 0.000000
35 13 0.000000
35 14 0.000364
35 15 0.000122
35 16 0.000000
35 17 0.002994
35 18 0.000000
35 19 0.000000
35 20 0.000000
35 21 0.000000
35 22 0.000040
35 23 0.000538
35 24 0.000000
35 25 0.000678
35 26 0.000283
35 27 0.000179
35 28 0.000079
35 29 0.005563
35 30 0.000000
35 31 0.000977
35 32 0.000081
35 33 0.000095
35 34 0.000182
35 35 1.000000
35 36 0.000000
35 37 0.000234
35 38 0.002618
35 39 0.000000
35 40 0.000000
35 41 0.000287
35 42 0.000172
35 43 0.000782
36 0 0.000000
36 1 0.000002
36 2 0.000000
36 3 0.000000
36 4 0.000000
36 5 0.000000
36 6 0.000013
36 7 0.000000
36 8 0.000000
36 9 0.000000
36 10 0.000000
36 11 0.000000
36 12 0.000000
36 13 0.000000
36 14 0.000013
36 15 0.000000
36 16 0.000000
36 17 0.000000
36 18 0.000000
36 19 0.000000
36 20 0.000000
36 21 0.000000
36 22 0.000000
36 23 0.000000
36 24 0.000000
36 25 0.000000
36 26 0.000000
36 27 0.000000
36 28 0.000000
36 29 0.000000
36 30 0.000000
36 31 0.000000
36 32 0.000000
36 33 0.000000
36 34 0.000000
36 35 0.000000
36 36 1.000000
36 37 0.000000
36 38 0.000000
36 39 0.000000
36 40 0.000000
36 41 0.000000
36 42 0.000002
36 43 0.000000
37 0 0.002385
37 1 0.000368
37 2 0.000026
37 3 0.000023
37 4 0.000000
37 5 0.000006
37 6 0.000005
37 7 0.004777
37 8 0.002075
37 9 0.000337
37 10 0.000769
37 11 0.000000
37 12 0.000001
37 13 0.000000
37 14 0.007174
37 15 0.001114
37 16 0.000004
37 17 0.060287
37 18 0.000000
37 19 0.000001
37 20 0.000238
37 21 0.000000
37 22 0.000114
37 23 0.011306
37 24 0.000000
37 25 0.000203
37 26 0.000005
37 27 0.000000
37 28 0.001655
37 29 0.000000
37 30 0.000000
37 31 0.015065
37 32 0.000061
37 33 0.000022
37 34 0.000229
37 35 0.000234
37 36 0.000000
37 37 1.000000
37 38 0.050699
37 39 0.001517
37 40 0.000000
37 41 0.006123
37 42 0.002832
37 43 0.014400
38 0 0.024596
38 1 0.003081
38 2 0.000265
38 3 0.000580
38 4 0.000000
38 5 0.000876
38 6 0.000648
38 7 0.050518
38 8 0.021467
38 9 0.003479
38 10 0.007933
38 11 0.000000
38 12 0.002863
38 13 0.000000
38 14 0.074102
38 15 0.011545
38 16 0.000017
38 17 0.621749
38 18 0.000140
38 19 0.000008
38 20 0.000049
38 21 0.000000
38 22 0.001172
38 23 0.116763
38 24 0.000000
38 25 0.003986
38 26 0.000052
38 27 0.000677
38 28 0.020957
38 29 0.000025
38 30 0.000000
38 31 0.155366
38 32 0.001796
38 33 0.000223
38 34 0.002565
38 35 0.002618
38 36 0.000000
38 37 0.050699
38 38 1.000000
38 39 0.000546
38 40 0.000000
38 41 0.062273
38 42 0.015952
38 43 0.144267
39 0 0.000027
39 1 0.001559
39 2 0.000150
39 3 0.000000
39 4 0.000000
39 5 0.000003
39 6 0.000000
39 7 0.000104
39 8 0.002914
39 9 0.000019
39 10 0.000559
39 11 0.000006
39 12 0.000204
39 13 0.000097
39 14 0.004785
39 15 0.000057
39 16 0.000000
39 17 0.000009
39 18 0.000893
39 19 0.000000
39 20 0.000014
39 21 0.085301
39 22 0.000000
39 23 0.000000
39 24 0.000000
39 25 0.000000
39 26 0.000003
39 27 0.029039
39 28 0.148319
39 29 0.000051
39 30 0.000001
39 31 0.000000
39 32 0.000000
39 33 0.000000
39 34 0.000333
39 35 0.000000
39 36 0.000000
39 37 0.001517
39 38 0.000546
39 39 1.000000
39 40 0.000096
39 41 0.000000
39 42 0.000107
39 43 0.000024
40 0 0.000000
40 1 0.000000
40 2 0.000000
40 3 0.000000
40 4 0.000000
40 5 0.000000
40 6 0.000014
40 7 0.000000
40 8 0.000000
40 9 0.000000
40 10 0.000000
40 11 0.000000
40 12 0.000000
40 13 0.000000
40 14 0.000000
40 15 0.000001
40 16 0.000000
40 17 0.000000
40 18 0.000000
40 19 0.000000
40 20 0.000000
40 21 0.000000
40 22 0.000000
40 23 0.000000
40 24 0.000000
40 25 0.000000
40 26 0.000000
40 27 0.000000
40 28 0.000000
40 29 0.000000
40 30 0.000000
40 31 0.000000
40 32 0.000000
40 33 0.000000
40 34 0.000000
40 35 0.000000
40 36 0.000000
40 37 0.000000
40 38 0.000000
40 39 0.000096
40 40 1.000000
40 41 0.000000
40 42 0.000004
40 43 0.000001
41 0 0.002929
41 1 0.000367
41 2 0.000032
41 3 0.000029
41 4 0.000000
41 5 0.000000
41 6 0.000000
41 7 0.005868
41 8 0.002549
41 9 0.000414
41 10 0.000945
41 11 0.000000
41 12 0.000001
41 13 0.000000
41 14 0.008812
41 15 0.001369
41 16 0.000000
41 17 0.074049
41 18 0.000000
41 19 0.000000
41 20 0.000000
41 21 0.000000
41 22 0.000140
41 23 0.013887
41 24 0.000000
41 25 0.000250
41 26 0.000006
41 27 0.000000
41 28 0.002032
41 29 0.000000
41 30 0.000000
41 31 0.018504
41 32 0.000075
41 33 0.000028
41 34 0.000283
41 35 0.000287
41 36 0.000000
41 37 0.006123
41 38 0.062273
41 39 0.000000
41 40 0.000000
41 41 1.000000
41 42 0.001900
41 43 0.017182
42 0 0.029161
42 1 0.026448
42 2 0.078447
42 3 0.000018
42 4 0.000000
42 5 0.000000
42 6 0.000000
42 7 0.020206
42 8 0.007284
42 9 0.027608
42 10 0.000255
42 11 0.000188
42 12 0.000031
42 13 0.000059
42 14 0.010048
42 15 0.024456
42 16 0.000000
42 17 0.062794
42 18 0.000003
42 19 0.000000
42 20 0.000000
42 21 0.000000
42 22 0.000083
42 23 0.003557
42 24 0.000000
42 25 0.000149
42 26 0.098422
42 27 0.062329
42 28 0.000957
42 29 0.000007
42 30 0.000001
42 31 0.095411
42 32 0.000045
42 33 0.000016
42 34 0.059566
42 35 0.000172
42 36 0.000002
42 37 0.002832
42 38 0.015952
42 39 0.000107
42 40 0.000004
42 41 0.001900
42 42 1.000000
42 43 0.045158
43 0 0.040643
43 1 0.032256
43 2 0.093545
43 3 0.000079
43 4 0.000000
43 5 0.000000
43 6 0.000000
43 7 0.035881
43 8 0.013790
43 9 0.033732
43 10 0.002189
43 11 0.000219
43 12 0.000038
43 13 0.000028
43 14 0.029673
43 15 0.031896
43 16 0.000051
43 17 0.223780
43 18 0.000000
43 19 0.000013
43 20 0.000000
43 21 0.000000
43 22 0.000379
43 23 0.032171
43 24 0.000000
43 25 0.000678
43 26 0.117297
43 27 0.074120
43 28 0.004728
43 29 0.000011
43 30 0.000000
43 31 0.150917
43 32 0.000203
43 33 0.000132
43 34 0.071618
43 35 0.000782
43 36 0.000000
43 37 0.014400
43 38 0.144267
43 39 0.000024
43 40 0.000001
43 41 0.017182
43 42 0.045158
43 43 1.000000
