0 0 1.000000
0 1 0.414210
0 2 0.186325
0 3 0.167229
0 4 0.000000
0 5 0.073351
0 6 0.183262
0 7 0.270153
0 8 0.280205
0 9 0.195703
0 10 0.309036
0 11 0.145972
0 12 0.339361
0 13 0.049056
0 14 0.355320
0 15 0.159279
0 16 0.219768
0 17 0.263972
0 18 0.007164
0 19 0.341291
0 20 0.000000
0 21 0.000000
0 22 0.112591
0 23 0.222621
0 24 0.000000
0 25 0.099574
0 26 0.374103
0 27 0.102245
0 28 0.392441
0 29 0.000000
0 30 0.000000
0 31 0.245870
0 32 0.095703
0 33 0.048241
0 34 0.097138
0 35 0.061891
0 36 0.000000
0 37 0.215400
0 38 0.329106
0 39 0.247857
0 40 0.007273
0 41 0.285530
0 42 0.409546
0 43 0.301741
1 0 0.414210
1 1 1.000000
1 2 0.507013
1 3 0.400797
1 4 0.000000
1 5 0.169704
1 6 0.275693
1 7 0.482303
1 8 0.497295
1 9 0.408136
1 10 0.399899
1 11 0.138333
1 12 0.528485
1 13 0.160667
1 14 0.337359
1 15 0.275303
1 16 0.184543
1 17 0.525467
1 18 0.109801
1 19 0.164733
1 20 0.041650
1 21 0.000000
1 22 0.184355
1 23 0.480956
1 24 0.028631
1 25 0.394185
1 26 0.406836
1 27 0.370678
1 28 0.212167
1 29 0.085569
1 30 0.000000
1 31 0.429739
1 32 0.302792
1 33 0.151190
1 34 0.340831
1 35 0.202514
1 36 0.050612
1 37 0.256782
1 38 0.377394
1 39 0.283999
1 40 0.033228
1 41 0.363578
1 42 0.411427
1 43 0.593560
2 0 0.186325
2 1 0.507013
2 2 1.000000
2 3 0.202150
2 4 0.000000
2 5 0.099603
2 6 0.124457
2 7 0.404627
2 8 0.220486
2 9 0.455922
2 10 0.134588
2 11 0.127751
2 12 0.276627
2 13 0.187443
2 14 0.150646
2 15 0.173046
2 16 0.033670
2 17 0.251036
2 18 0.060775
2 19 0.000000
2 20 0.032578
2 21 0.000000
2 22 0.078721
2 23 0.225508
2 24 0.000000
2 25 0.180916
2 26 0.158374
2 27 0.263039
2 28 0.022936
2 29 0.154326
2 30 0.000000
2 31 0.487799
2 32 0.142712
2 33 0.061036
2 34 0.386935
2 35 0.156354
2 36 0.036867
2 37 0.116935
2 38 0.119191
2 39 0.171548
2 40 0.006947
2 41 0.134989
2 42 0.142695
2 43 0.492151
3 0 0.167229
3 1 0.400797
3 2 0.202150
3 3 1.000000
3 4 0.000000
3 5 0.206288
3 6 0.277555
3 7 0.217816
3 8 0.371091
3 9 0.211493
3 10 0.250107
3 11 0.000000
3 12 0.276336
3 13 0.000000
3 14 0.179089
3 15 0.113717
3 16 0.035003
3 17 0.442707
3 18 0.058463
3 19 0.000000
3 20 0.022466
3 21 0.000000
3 22 0.246312
3 23 0.409552
3 24 0.000000
3 25 0.408590
3 26 0.167298
3 27 0.191472
3 28 0.019831
3 29 0.046156
3 30 0.000000
3 31 0.214522
3 32 0.296357
3 33 0.136400
3 34 0.175762
3 35 0.219228
3 36 0.000000
3 37 0.285590
3 38 0.201185
3 39 0.033913
3 40 0.000000
3 41 0.367620
3 42 0.189598
3 43 0.259983
4 0 0.000000
4 1 0.000000
4 2 0.000000
4 3 0.000000
4 4 1.000000
4 5 0.000000
4 6 0.000000
4 7 0.000000
4 8 0.000000
4 9 0.032922
4 10 0.000000
4 11 0.000000
4 12 0.000000
4 13 0.000000
4 14 0.000000
4 15 0.000000
4 16 0.000000
4 17 0.000000
4 18 0.000000
4 19 0.000000
4 20 0.000000
4 21 0.000000
4 22 0.000000
4 23 0.065748
4 24 0.000000
4 25 0.000000
4 26 0.000000
4 27 0.000000
4 28 0.000000
4 29 0.000000
4 30 0.000000
4 31 0.000000
4 32 0.000000
4 33 0.000000
4 34 0.000000
4 35 0.000000
4 36 0.000000
4 37 0.000000
4 38 0.000000
4 39 0.000000
4 40 0.000000
4 41 0.000000
4 42 0.000000
4 43 0.000000
5 0 0.073351
5 1 0.169704
5 2 0.099603
5 3 0.206288
5 4 0.000000
5 5 1.000000
5 6 0.141767
5 7 0.101632
5 8 0.308415
5 9 0.215759
5 10 0.274967
5 11 0.000000
5 12 0.149341
5 13 0.000000
5 14 0.099537
5 15 0.037598
5 16 0.188898
5 17 0.145479
5 18 0.094840
5 19 0.000000
5 20 0.012264
5 21 0.000000
5 22 0.056370
5 23 0.139102
5 24 0.000000
5 25 0.162506
5 26 0.091290
5 27 0.414669
5 28 0.021330
5 29 0.000000
5 30 0.000000
5 31 0.095798
5 32 0.136703
5 33 0.195497
5 34 0.055663
5 35 0.055070
5 36 0.000000
5 37 0.167944
5 38 0.153537
5 39 0.164334
5 40 0.000000
5 41 0.156843
5 42 0.133172
5 43 0.197956
6 0 0.183262
6 1 0.275693
6 2 0.124457
6 3 0.277555
6 4 0.000000
6 5 0.141767
6 6 1.000000
6 7 0.221744
6 8 0.323947
6 9 0.282366
6 10 0.241668
6 11 0.000000
6 12 0.120294
6 13 0.000000
6 14 0.220415
6 15 0.045784
6 16 0.000000
6 17 0.248120
6 18 0.000000
6 19 0.000000
6 20 0.000000
6 21 0.000000
6 22 0.099364
6 23 0.245196
6 24 0.000000
6 25 0.252581
6 26 0.129765
6 27 0.104185
6 28 0.000000
6 29 0.000000
6 30 0.000000
6 31 0.108064
6 32 0.188264
6 33 0.138081
6 34 0.157166
6 35 0.088498
6 36 0.181161
6 37 0.231548
6 38 0.101277
6 39 0.042369
6 40 0.169723
6 41 0.270083
6 42 0.208826
6 43 0.223164
7 0 0.270153
7 1 0.482303
7 2 0.404627
7 3 0.217816
7 4 0.000000
7 5 0.101632
7 6 0.221744
7 7 1.000000
7 8 0.319749
7 9 0.416321
7 10 0.152598
7 11 0.137088
7 12 0.514092
7 13 0.123413
7 14 0.190553
7 15 0.253405
7 16 0.303280
7 17 0.319177
7 18 0.068413
7 19 0.066879
7 20 0.010481
7 21 0.000000
7 22 0.092984
7 23 0.320173
7 24 0.013336
7 25 0.264809
7 26 0.266367
7 27 0.260422
7 28 0.084001
7 29 0.032301
7 30 0.014728
7 31 0.319215
7 32 0.349778
7 33 0.092368
7 34 0.211636
7 35 0.175995
7 36 0.000000
7 37 0.345384
7 38 0.448080
7 39 0.167697
7 40 0.033584
7 41 0.338574
7 42 0.377279
7 43 0.428438
8 0 0.280205
8 1 0.497295
8 2 0.220486
8 3 0.371091
8 4 0.000000
8 5 0.308415
8 6 0.323947
8 7 0.319749
8 8 1.000000
8 9 0.309616
8 10 0.457555
8 11 0.036232
8 12 0.372993
8 13 0.060329
8 14 0.254441
8 15 0.139039
8 16 0.152508
8 17 0.414539
8 18 0.067605
8 19 0.119976
8 20 0.014546
8 21 0.000000
8 22 0.133715
8 23 0.398965
8 24 0.053134
8 25 0.404218
8 26 0.419199
8 27 0.298273
8 28 0.156265
8 29 0.009814
8 30 0.045191
8 31 0.257880
8 32 0.292981
8 33 0.273437
8 34 0.248764
8 35 0.125718
8 36 0.000000
8 37 0.264089
8 38 0.334678
8 39 0.197964
8 40 0.000000
8 41 0.323568
8 42 0.299178
8 43 0.399585
9 0 0.195703
9 1 0.408136
9 2 0.455922
9 3 0.211493
9 4 0.032922
9 5 0.215759
9 6 0.282366
9 7 0.416321
9 8 0.309616
9 9 1.000000
9 10 0.194819
9 11 0.081967
9 12 0.248571
9 13 0.143220
9 14 0.115287
9 15 0.160603
9 16 0.081713
9 17 0.221592
9 18 0.060374
9 19 0.000000
9 20 0.037394
9 21 0.000000
9 22 0.065498
9 23 0.184539
9 24 0.000000
9 25 0.214958
9 26 0.180309
9 27 0.278770
9 28 0.054375
9 29 0.033969
9 30 0.029312
9 31 0.359245
9 32 0.156381
9 33 0.132233
9 34 0.261701
9 35 0.119243
9 36 0.000000
9 37 0.214875
9 38 0.176679
9 39 0.100044
9 40 0.033784
9 41 0.200215
9 42 0.188478
9 43 0.397996
10 0 0.309036
10 1 0.399899
10 2 0.134588
10 3 0.250107
10 4 0.000000
10 5 0.274967
10 6 0.241668
10 7 0.152598
10 8 0.457555
10 9 0.194819
10 10 1.000000
10 11 0.056842
10 12 0.312585
10 13 0.055913
10 14 0.197405
10 15 0.141741
10 16 0.190612
10 17 0.323617
10 18 0.300785
10 19 0.146888
10 20 0.105400
10 21 0.000000
10 22 0.160929
10 23 0.271708
10 24 0.000000
10 25 0.210528
10 26 0.272025
10 27 0.223633
10 28 0.124511
10 29 0.107607
10 30 0.000000
10 31 0.152023
10 32 0.177635
10 33 0.167928
10 34 0.152452
10 35 0.154228
10 36 0.000000
10 37 0.247509
10 38 0.217265
10 39 0.246617
10 40 0.000000
10 41 0.237372
10 42 0.244516
10 43 0.257315
11 0 0.145972
11 1 0.138333
11 2 0.127751
11 3 0.000000
11 4 0.000000
11 5 0.000000
11 6 0.000000
11 7 0.137088
11 8 0.036232
11 9 0.081967
11 10 0.056842
11 11 1.000000
11 12 0.098374
11 13 0.085103
11 14 0.044871
11 15 0.026690
11 16 0.000000
11 17 0.036154
11 18 0.000000
11 19 0.046011
11 20 0.282277
11 21 0.179187
11 22 0.247155
11 23 0.091205
11 24 0.043873
11 25 0.018327
11 26 0.108954
11 27 0.076591
11 28 0.000000
11 29 0.019168
11 30 0.048453
11 31 0.072144
11 32 0.002152
11 33 0.001899
11 34 0.064424
11 35 0.037172
11 36 0.000000
11 37 0.046911
11 38 0.001981
11 39 0.034743
11 40 0.000000
11 41 0.046510
11 42 0.191363
11 43 0.122454
12 0 0.339361
12 1 0.528485
12 2 0.276627
12 3 0.276336
12 4 0.000000
12 5 0.149341
12 6 0.120294
12 7 0.514092
12 8 0.372993
12 9 0.248571
12 10 0.312585
12 11 0.098374
12 12 1.000000
12 13 0.124851
12 14 0.247807
12 15 0.341761
12 16 0.344842
12 17 0.341279
12 18 0.147228
12 19 0.153207
12 20 0.074323
12 21 0.000000
12 22 0.116058
12 23 0.385757
12 24 0.004767
12 25 0.193955
12 26 0.293117
12 27 0.199718
12 28 0.198340
12 29 0.133552
12 30 0.005264
12 31 0.318479
12 32 0.345999
12 33 0.067316
12 34 0.212945
12 35 0.187531
12 36 0.000000
12 37 0.322304
12 38 0.578739
12 39 0.258625
12 40 0.003622
12 41 0.349304
12 42 0.408307
12 43 0.439462
13 0 0.049056
13 1 0.160667
13 2 0.187443
13 3 0.000000
13 4 0.000000
13 5 0.000000
13 6 0.000000
13 7 0.123413
13 8 0.060329
13 9 0.143220
13 10 0.055913
13 11 0.085103
13 12 0.124851
13 13 1.000000
13 14 0.046288
13 15 0.092184
13 16 0.000000
13 17 0.109861
13 18 0.000000
13 19 0.036841
13 20 0.000000
13 21 0.000000
13 22 0.000000
13 23 0.015746
13 24 0.035129
13 25 0.021627
13 26 0.080901
13 27 0.101741
13 28 0.000000
13 29 0.028361
13 30 0.097708
13 31 0.104981
13 32 0.000000
13 33 0.000000
13 34 0.095319
13 35 0.000000
13 36 0.000000
13 37 0.000000
13 38 0.000000
13 39 0.048172
13 40 0.000000
13 41 0.013587
13 42 0.041643
13 43 0.188559
14 0 0.355320
14 1 0.337359
14 2 0.150646
14 3 0.179089
14 4 0.000000
14 5 0.099537
14 6 0.220415
14 7 0.190553
14 8 0.254441
14 9 0.115287
14 10 0.197405
14 11 0.044871
14 12 0.247807
14 13 0.046288
14 14 1.000000
14 15 0.104059
14 16 0.142100
14 17 0.226479
14 18 0.063685
14 19 0.161902
14 20 0.012930
14 21 0.000000
14 22 0.029937
14 23 0.159418
14 24 0.030876
14 25 0.092216
14 26 0.285881
14 27 0.197500
14 28 0.233017
14 29 0.013183
14 30 0.000000
14 31 0.200266
14 32 0.068583
14 33 0.037705
14 34 0.092627
14 35 0.034045
14 36 0.218323
14 37 0.227356
14 38 0.229882
14 39 0.278386
14 40 0.238656
14 41 0.225854
14 42 0.364372
14 43 0.233016
15 0 0.159279
15 1 0.275303
15 2 0.173046
15 3 0.113717
15 4 0.000000
15 5 0.037598
15 6 0.045784
15 7 0.253405
15 8 0.139039
15 9 0.160603
15 10 0.141741
15 11 0.026690
15 12 0.341761
15 13 0.092184
15 14 0.104059
15 15 1.000000
15 16 0.180849
15 17 0.131296
15 18 0.090896
15 19 0.082118
15 20 0.043792
15 21 0.000000
15 22 0.025539
15 23 0.180859
15 24 0.000000
15 25 0.073497
15 26 0.122309
15 27 0.098845
15 28 0.078078
15 29 0.089971
15 30 0.000000
15 31 0.155368
15 32 0.166798
15 33 0.028164
15 34 0.128215
15 35 0.104101
15 36 0.000000
15 37 0.177451
15 38 0.270269
15 39 0.118897
15 40 0.019560
15 41 0.175436
15 42 0.204742
15 43 0.207338
16 0 0.219768
16 1 0.184543
16 2 0.033670
16 3 0.035003
16 4 0.000000
16 5 0.188898
16 6 0.000000
16 7 0.303280
16 8 0.152508
16 9 0.081713
16 10 0.190612
16 11 0.000000
16 12 0.344842
16 13 0.000000
16 14 0.142100
16 15 0.180849
16 16 1.000000
16 17 0.104419
16 18 0.195276
16 19 0.150976
16 20 0.029918
16 21 0.000000
16 22 0.014038
16 23 0.146124
16 24 0.000000
16 25 0.011895
16 26 0.170324
16 27 0.146063
16 28 0.223187
16 29 0.061466
16 30 0.000000
16 31 0.071921
16 32 0.131999
16 33 0.090748
16 34 0.027312
16 35 0.063948
16 36 0.000000
16 37 0.196689
16 38 0.372478
16 39 0.132008
16 40 0.000000
16 41 0.172397
16 42 0.201292
16 43 0.155307
17 0 0.263972
17 1 0.525467
17 2 0.251036
17 3 0.442707
17 4 0.000000
17 5 0.145479
17 6 0.248120
17 7 0.319177
17 8 0.414539
17 9 0.221592
17 10 0.323617
17 11 0.036154
17 12 0.341279
17 13 0.109861
17 14 0.226479
17 15 0.131296
17 16 0.104419
17 17 1.000000
17 18 0.046536
17 19 0.239775
17 20 0.028051
17 21 0.000000
17 22 0.270271
17 23 0.461466
17 24 0.014172
17 25 0.455174
17 26 0.289671
17 27 0.246782
17 28 0.156345
17 29 0.178599
17 30 0.039416
17 31 0.362423
17 32 0.370418
17 33 0.204536
17 34 0.209513
17 35 0.197581
17 36 0.000000
17 37 0.271656
17 38 0.282973
17 39 0.150307
17 40 0.035639
17 41 0.390883
17 42 0.351586
17 43 0.420480
18 0 0.007164
18 1 0.109801
18 2 0.060775
18 3 0.058463
18 4 0.000000
18 5 0.094840
18 6 0.000000
18 7 0.068413
18 8 0.067605
18 9 0.060374
18 10 0.300785
18 11 0.000000
18 12 0.147228
18 13 0.000000
18 14 0.063685
18 15 0.090896
18 16 0.195276
18 17 0.046536
18 18 1.000000
18 19 0.000000
18 20 0.105702
18 21 0.000000
18 22 0.014096
18 23 0.034268
18 24 0.000000
18 25 0.011944
18 26 0.000000
18 27 0.121556
18 28 0.026518
18 29 0.123440
18 30 0.000000
18 31 0.030205
18 32 0.034234
18 33 0.000000
18 34 0.054851
18 35 0.055505
18 36 0.000000
18 37 0.122970
18 38 0.085414
18 39 0.212691
18 40 0.000000
18 41 0.029356
18 42 0.034473
18 43 0.059858
19 0 0.341291
19 1 0.164733
19 2 0.000000
19 3 0.000000
19 4 0.000000
19 5 0.000000
19 6 0.000000
19 7 0.066879
19 8 0.119976
19 9 0.000000
19 10 0.146888
19 11 0.046011
19 12 0.153207
19 13 0.036841
19 14 0.161902
19 15 0.082118
19 16 0.150976
19 17 0.239775
19 18 0.000000
19 19 1.000000
19 20 0.097466
19 21 0.123741
19 22 0.000000
19 23 0.145866
19 24 0.090819
19 25 0.030258
19 26 0.225535
19 27 0.061287
19 28 0.254061
19 29 0.039679
19 30 0.100298
19 31 0.073438
19 32 0.000000
19 33 0.000000
19 34 0.000000
19 35 0.000000
19 36 0.000000
19 37 0.072167
19 38 0.183319
19 39 0.134793
19 40 0.000000
19 41 0.094687
19 42 0.198043
19 43 0.135271
20 0 0.000000
20 1 0.041650
20 2 0.032578
20 3 0.022466
20 4 0.000000
20 5 0.012264
20 6 0.000000
20 7 0.010481
20 8 0.014546
20 9 0.037394
20 10 0.105400
20 11 0.282277
20 12 0.074323
20 13 0.000000
20 14 0.012930
20 15 0.043792
20 16 0.029918
20 17 0.028051
20 18 0.105702
20 19 0.097466
20 20 1.000000
20 21 0.509691
20 22 0.202418
20 23 0.016510
20 24 0.000000
20 25 0.000000
20 26 0.000000
20 27 0.012644
20 28 0.025552
20 29 0.059472
20 30 0.000000
20 31 0.014553
20 32 0.013155
20 33 0.000000
20 34 0.026426
20 35 0.022872
20 36 0.000000
20 37 0.028864
20 38 0.012109
20 39 0.026711
20 40 0.000000
20 41 0.014143
20 42 0.000000
20 43 0.027947
21 0 0.000000
21 1 0.000000
21 2 0.000000
21 3 0.000000
21 4 0.000000
21 5 0.000000
21 6 0.000000
21 7 0.000000
21 8 0.000000
21 9 0.000000
21 10 0.000000
21 11 0.179187
21 12 0.000000
21 13 0.000000
21 14 0.000000
21 15 0.000000
21 16 0.000000
21 17 0.000000
21 18 0.000000
21 19 0.123741
21 20 0.509691
21 21 1.000000
21 22 0.128493
21 23 0.000000
21 24 0.000000
21 25 0.000000
21 26 0.000000
21 27 0.000000
21 28 0.000000
21 29 0.000000
21 30 0.000000
21 31 0.000000
21 32 0.000000
21 33 0.000000
21 34 0.000000
21 35 0.000000
21 36 0.000000
21 37 0.000000
21 38 0.000000
21 39 0.128247
21 40 0.000000
21 41 0.000000
21 42 0.000000
21 43 0.000000
22 0 0.112591
22 1 0.184355
22 2 0.078721
22 3 0.246312
22 4 0.000000
22 5 0.056370
22 6 0.099364
22 7 0.092984
22 8 0.133715
22 9 0.065498
22 10 0.160929
22 11 0.247155
22 12 0.116058
22 13 0.000000
22 14 0.029937
22 15 0.025539
22 16 0.014038
22 17 0.270271
22 18 0.014096
22 19 0.000000
22 20 0.202418
22 21 0.128493
22 22 1.000000
22 23 0.210202
22 24 0.125263
22 25 0.201168
22 26 0.103339
22 27 0.177818
22 28 0.023623
22 29 0.000000
22 30 0.000000
22 31 0.088326
22 32 0.190575
22 33 0.086755
22 34 0.061647
22 35 0.167338
22 36 0.000000
22 37 0.121454
22 38 0.096053
22 39 0.018749
22 40 0.042817
22 41 0.135858
22 42 0.136570
22 43 0.108964
23 0 0.222621
23 1 0.480956
23 2 0.225508
23 3 0.409552
23 4 0.065748
23 5 0.139102
23 6 0.245196
23 7 0.320173
23 8 0.398965
23 9 0.184539
23 10 0.271708
23 11 0.091205
23 12 0.385757
23 13 0.015746
23 14 0.159418
23 15 0.180859
23 16 0.146124
23 17 0.461466
23 18 0.034268
23 19 0.145866
23 20 0.016510
23 21 0.000000
23 22 0.210202
23 23 1.000000
23 24 0.059645
23 25 0.437169
23 26 0.318770
23 27 0.204298
23 28 0.117743
23 29 0.179155
23 30 0.023200
23 31 0.304044
23 32 0.296565
23 33 0.133651
23 34 0.281195
23 35 0.229905
23 36 0.000000
23 37 0.193245
23 38 0.341432
23 39 0.077703
23 40 0.000000
23 41 0.309636
23 42 0.285420
23 43 0.312378
24 0 0.000000
24 1 0.028631
24 2 0.000000
24 3 0.000000
24 4 0.000000
24 5 0.000000
24 6 0.000000
24 7 0.013336
24 8 0.053134
24 9 0.000000
24 10 0.000000
24 11 0.043873
24 12 0.004767
24 13 0.035129
24 14 0.030876
24 15 0.000000
24 16 0.000000
24 17 0.014172
24 18 0.000000
24 19 0.090819
24 20 0.000000
24 21 0.000000
24 22 0.125263
24 23 0.059645
24 24 1.000000
24 25 0.028853
24 26 0.121749
24 27 0.118381
24 28 0.000000
24 29 0.037836
24 30 0.095639
24 31 0.000000
24 32 0.000000
24 33 0.000000
24 34 0.000000
24 35 0.000000
24 36 0.000000
24 37 0.000000
24 38 0.038877
24 39 0.000000
24 40 0.000000
24 41 0.000000
24 42 0.033322
24 43 0.017852
25 0 0.099574
25 1 0.394185
25 2 0.180916
25 3 0.408590
25 4 0.000000
25 5 0.162506
25 6 0.252581
25 7 0.264809
25 8 0.404218
25 9 0.214958
25 10 0.210528
25 11 0.018327
25 12 0.193955
25 13 0.021627
25 14 0.092216
25 15 0.073497
25 16 0.011895
25 17 0.455174
25 18 0.011944
25 19 0.030258
25 20 0.000000
25 21 0.000000
25 22 0.201168
25 23 0.437169
25 24 0.028853
25 25 1.000000
25 26 0.212821
25 27 0.247359
25 28 0.020016
25 29 0.023294
25 30 0.031864
25 31 0.219789
25 32 0.345428
25 33 0.169909
25 34 0.188417
25 35 0.274630
25 36 0.000000
25 37 0.213453
25 38 0.207693
25 39 0.031816
25 40 0.060532
25 41 0.305167
25 42 0.187633
25 43 0.256964
26 0 0.374103
26 1 0.406836
26 2 0.158374
26 3 0.167298
26 4 0.000000
26 5 0.091290
26 6 0.129765
26 7 0.266367
26 8 0.419199
26 9 0.180309
26 10 0.272025
26 11 0.108954
26 12 0.293117
26 13 0.080901
26 14 0.285881
26 15 0.122309
26 16 0.170324
26 17 0.289671
26 18 0.000000
26 19 0.225535
26 20 0.000000
26 21 0.000000
26 22 0.103339
26 23 0.318770
26 24 0.121749
26 25 0.212821
26 26 1.000000
26 27 0.205895
26 28 0.259888
26 29 0.013160
26 30 0.033265
26 31 0.188839
26 32 0.115307
26 33 0.067457
26 34 0.121010
26 35 0.065751
26 36 0.000000
26 37 0.148013
26 38 0.243320
26 39 0.172980
26 40 0.011444
26 41 0.209384
26 42 0.323718
26 43 0.271665
27 0 0.102245
27 1 0.370678
27 2 0.263039
27 3 0.191472
27 4 0.000000
27 5 0.414669
27 6 0.104185
27 7 0.260422
27 8 0.298273
27 9 0.278770
27 10 0.223633
27 11 0.076591
27 12 0.199718
27 13 0.101741
27 14 0.197500
27 15 0.098845
27 16 0.146063
27 17 0.246782
27 18 0.121556
27 19 0.061287
27 20 0.012644
27 21 0.000000
27 22 0.177818
27 23 0.204298
27 24 0.118381
27 25 0.247359
27 26 0.205895
27 27 1.000000
27 28 0.021991
27 29 0.012796
27 30 0.032345
27 31 0.217324
27 32 0.235649
27 33 0.232134
27 34 0.153042
27 35 0.128150
27 36 0.000000
27 37 0.291400
27 38 0.140919
27 39 0.258286
27 40 0.059843
27 41 0.171748
27 42 0.219213
27 43 0.348067
28 0 0.392441
28 1 0.212167
28 2 0.022936
28 3 0.019831
28 4 0.000000
28 5 0.021330
28 6 0.000000
28 7 0.084001
28 8 0.156265
28 9 0.054375
28 10 0.124511
28 11 0.000000
28 12 0.198340
28 13 0.000000
28 14 0.233017
28 15 0.078078
28 16 0.223187
28 17 0.156345
28 18 0.026518
28 19 0.254061
28 20 0.025552
28 21 0.000000
28 22 0.023623
28 23 0.117743
28 24 0.000000
28 25 0.020016
28 26 0.259888
28 27 0.021991
28 28 1.000000
28 29 0.130495
28 30 0.178509
28 31 0.103784
28 32 0.011612
28 33 0.000000
28 34 0.000000
28 35 0.013460
28 36 0.000000
28 37 0.080269
28 38 0.273736
28 39 0.190493
28 40 0.000000
28 41 0.148257
28 42 0.251477
28 43 0.127525
29 0 0.000000
29 1 0.085569
29 2 0.154326
29 3 0.046156
29 4 0.000000
29 5 0.000000
29 6 0.000000
29 7 0.032301
29 8 0.009814
29 9 0.033969
29 10 0.107607
29 11 0.019168
29 12 0.133552
29 13 0.028361
29 14 0.013183
29 15 0.089971
29 16 0.061466
29 17 0.178599
29 18 0.123440
29 19 0.039679
29 20 0.059472
29 21 0.000000
29 22 0.000000
29 23 0.179155
29 24 0.037836
29 25 0.023294
29 26 0.013160
29 27 0.012796
29 28 0.130495
29 29 1.000000
29 30 0.147220
29 31 0.199502
29 32 0.027027
29 33 0.000000
29 34 0.259618
29 35 0.165463
29 36 0.000000
29 37 0.059301
29 38 0.024878
29 39 0.054877
29 40 0.000000
29 41 0.055721
29 42 0.000000
29 43 0.099076
30 0 0.000000
30 1 0.000000
30 2 0.000000
30 3 0.000000
30 4 0.000000
30 5 0.000000
30 6 0.000000
30 7 0.014728
30 8 0.045191
30 9 0.029312
30 10 0.000000
30 11 0.048453
30 12 0.005264
30 13 0.097708
30 14 0.000000
30 15 0.000000
30 16 0.000000
30 17 0.039416
30 18 0.000000
30 19 0.100298
30 20 0.000000
30 21 0.000000
30 22 0.000000
30 23 0.023200
30 24 0.095639
30 25 0.031864
30 26 0.033265
30 27 0.032345
30 28 0.178509
30 29 0.147220
30 30 1.000000
30 31 0.000000
30 32 0.000000
30 33 0.049541
30 34 0.000000
30 35 0.000000
30 36 0.000000
30 37 0.000000
30 38 0.042935
30 39 0.000000
30 40 0.000000
30 41 0.000000
30 42 0.014776
30 43 0.011865
31 0 0.245870
31 1 0.429739
31 2 0.487799
31 3 0.214522
31 4 0.000000
31 5 0.095798
31 6 0.108064
31 7 0.319215
31 8 0.257880
31 9 0.359245
31 10 0.152023
31 11 0.072144
31 12 0.318479
31 13 0.104981
31 14 0.200266
31 15 0.155368
31 16 0.071921
31 17 0.362423
31 18 0.030205
31 19 0.073438
31 20 0.014553
31 21 0.000000
31 22 0.088326
31 23 0.304044
31 24 0.000000
31 25 0.219789
31 26 0.188839
31 27 0.217324
31 28 0.103784
31 29 0.199502
31 30 0.000000
31 31 1.000000
31 32 0.374136
31 33 0.248539
31 34 0.369891
31 35 0.295222
31 36 0.000000
31 37 0.231589
31 38 0.218436
31 39 0.166788
31 40 0.023283
31 41 0.219165
31 42 0.317578
31 43 0.413073
32 0 0.095703
32 1 0.302792
32 2 0.142712
32 3 0.296357
32 4 0.000000
32 5 0.136703
32 6 0.188264
32 7 0.349778
32 8 0.292981
32 9 0.156381
32 10 0.177635
32 11 0.002152
32 12 0.345999
32 13 0.000000
32 14 0.068583
32 15 0.166798
32 16 0.131999
32 17 0.370418
32 18 0.034234
32 19 0.000000
32 20 0.013155
32 21 0.000000
32 22 0.190575
32 23 0.296565
32 24 0.000000
32 25 0.345428
32 26 0.115307
32 27 0.235649
32 28 0.011612
32 29 0.027027
32 30 0.000000
32 31 0.374136
32 32 1.000000
32 33 0.356624
32 34 0.163608
32 35 0.333574
32 36 0.000000
32 37 0.453352
32 38 0.420486
32 39 0.111930
32 40 0.112270
32 41 0.378855
32 42 0.209581
32 43 0.244026
33 0 0.048241
33 1 0.151190
33 2 0.061036
33 3 0.136400
33 4 0.000000
33 5 0.195497
33 6 0.138081
33 7 0.092368
33 8 0.273437
33 9 0.132233
33 10 0.167928
33 11 0.001899
33 12 0.067316
33 13 0.000000
33 14 0.037705
33 15 0.028164
33 16 0.090748
33 17 0.204536
33 18 0.000000
33 19 0.000000
33 20 0.000000
33 21 0.000000
33 22 0.086755
33 23 0.133651
33 24 0.000000
33 25 0.169909
33 26 0.067457
33 27 0.232134
33 28 0.000000
33 29 0.000000
33 30 0.049541
33 31 0.248539
33 32 0.356624
33 33 1.000000
33 34 0.178135
33 35 0.109449
33 36 0.000000
33 37 0.195867
33 38 0.084088
33 39 0.051516
33 40 0.037146
33 41 0.167638
33 42 0.096080
33 43 0.227326
34 0 0.097138
34 1 0.340831
34 2 0.386935
34 3 0.175762
34 4 0.000000
34 5 0.055663
34 6 0.157166
34 7 0.211636
34 8 0.248764
34 9 0.261701
34 10 0.152452
34 11 0.064424
34 12 0.212945
34 13 0.095319
34 14 0.092627
34 15 0.128215
34 16 0.027312
34 17 0.209513
34 18 0.054851
34 19 0.000000
34 20 0.026426
34 21 0.000000
34 22 0.061647
34 23 0.281195
34 24 0.000000
34 25 0.188417
34 26 0.121010
34 27 0.153042
34 28 0.000000
34 29 0.259618
34 30 0.000000
34 31 0.369891
34 32 0.163608
34 33 0.178135
34 34 1.000000
34 35 0.196557
34 36 0.000000
34 37 0.133031
34 38 0.094736
34 39 0.089008
34 40 0.000000
34 41 0.132738
34 42 0.097314
34 43 0.391706
35 0 0.061891
35 1 0.202514
35 2 0.156354
35 3 0.219228
35 4 0.000000
35 5 0.055070
35 6 0.088498
35 7 0.175995
35 8 0.125718
35 9 0.119243
35 10 0.154228
35 11 0.037172
35 12 0.187531
35 13 0.000000
35 14 0.034045
35 15 0.104101
35 16 0.063948
35 17 0.197581
35 18 0.055505
35 19 0.000000
35 20 0.022872
35 21 0.000000
35 22 0.167338
35 23 0.229905
35 24 0.000000
35 25 0.274630
35 26 0.065751
35 27 0.128150
35 28 0.013460
35 29 0.165463
35 30 0.000000
35 31 0.295222
35 32 0.333574
35 33 0.109449
35 34 0.196557
35 35 1.000000
35 36 0.013020
35 37 0.286961
35 38 0.201701
35 39 0.081097
35 40 0.077297
35 41 0.262253
35 42 0.143188
35 43 0.154308
36 0 0.000000
36 1 0.050612
36 2 0.036867
36 3 0.000000
36 4 0.000000
36 5 0.000000
36 6 0.181161
36 7 0.000000
36 8 0.000000
36 9 0.000000
36 10 0.000000
36 11 0.000000
36 12 0.000000
36 13 0.000000
36 14 0.218323
36 15 0.000000
36 16 0.000000
36 17 0.000000
36 18 0.000000
36 19 0.000000
36 20 0.000000
36 21 0.000000
36 22 0.000000
36 23 0.000000
36 24 0.000000
36 25 0.000000
36 26 0.000000
36 27 0.000000
36 28 0.000000
36 29 0.000000
36 30 0.000000
36 31 0.000000
36 32 0.000000
36 33 0.000000
36 34 0.000000
36 35 0.013020
36 36 1.000000
36 37 0.016431
36 38 0.000000
36 39 0.022808
36 40 0.259436
36 41 0.075329
36 42 0.096880
36 43 0.060426
37 0 0.215400
37 1 0.256782
37 2 0.116935
37 3 0.285590
37 4 0.000000
37 5 0.167944
37 6 0.231548
37 7 0.345384
37 8 0.264089
37 9 0.214875
37 10 0.247509
37 11 0.046911
37 12 0.322304
37 13 0.000000
37 14 0.227356
37 15 0.177451
37 16 0.196689
37 17 0.271656
37 18 0.122970
37 19 0.072167
37 20 0.028864
37 21 0.000000
37 22 0.121454
37 23 0.193245
37 24 0.000000
37 25 0.213453
37 26 0.148013
37 27 0.291400
37 28 0.080269
37 29 0.059301
37 30 0.000000
37 31 0.231589
37 32 0.453352
37 33 0.195867
37 34 0.133031
37 35 0.286961
37 36 0.016431
37 37 1.000000
37 38 0.364578
37 39 0.323220
37 40 0.097547
37 41 0.426249
37 42 0.384029
37 43 0.281439
38 0 0.329106
38 1 0.377394
38 2 0.119191
38 3 0.201185
38 4 0.000000
38 5 0.153537
38 6 0.101277
38 7 0.448080
38 8 0.334678
38 9 0.176679
38 10 0.217265
38 11 0.001981
38 12 0.578739
38 13 0.000000
38 14 0.229882
38 15 0.270269
38 16 0.372478
38 17 0.282973
38 18 0.085414
38 19 0.183319
38 20 0.012109
38 21 0.000000
38 22 0.096053
38 23 0.341432
38 24 0.038877
38 25 0.207693
38 26 0.243320
38 27 0.140919
38 28 0.273736
38 29 0.024878
38 30 0.042935
38 31 0.218436
38 32 0.420486
38 33 0.084088
38 34 0.094736
38 35 0.201701
38 36 0.000000
38 37 0.364578
38 38 1.000000
38 39 0.293023
38 40 0.025849
38 41 0.376117
38 42 0.411396
38 43 0.264982
39 0 0.247857
39 1 0.283999
39 2 0.171548
39 3 0.033913
39 4 0.000000
39 5 0.164334
39 6 0.042369
39 7 0.167697
39 8 0.197964
39 9 0.100044
39 10 0.246617
39 11 0.034743
39 12 0.258625
39 13 0.048172
39 14 0.278386
39 15 0.118897
39 16 0.132008
39 17 0.150307
39 18 0.212691
39 19 0.134793
39 20 0.026711
39 21 0.128247
39 22 0.018749
39 23 0.077703
39 24 0.000000
39 25 0.031816
39 26 0.172980
39 27 0.258286
39 28 0.190493
39 29 0.054877
39 30 0.000000
39 31 0.166788
39 32 0.111930
39 33 0.051516
39 34 0.089008
39 35 0.081097
39 36 0.022808
39 37 0.323220
39 38 0.293023
39 39 1.000000
39 40 0.035651
39 41 0.154546
39 42 0.380238
39 43 0.231111
40 0 0.007273
40 1 0.033228
40 2 0.006947
40 3 0.000000
40 4 0.000000
40 5 0.000000
40 6 0.169723
40 7 0.033584
40 8 0.000000
40 9 0.033784
40 10 0.000000
40 11 0.000000
40 12 0.003622
40 13 0.000000
40 14 0.238656
40 15 0.019560
40 16 0.000000
40 17 0.035639
40 18 0.000000
40 19 0.000000
40 20 0.000000
40 21 0.000000
40 22 0.042817
40 23 0.000000
40 24 0.000000
40 25 0.060532
40 26 0.011444
40 27 0.059843
40 28 0.000000
40 29 0.000000
40 30 0.000000
40 31 0.023283
40 32 0.112270
40 33 0.037146
40 34 0.000000
40 35 0.077297
40 36 0.259436
40 37 0.097547
40 38 0.025849
40 39 0.035651
40 40 1.000000
40 41 0.092446
40 42 0.076154
40 43 0.019810
41 0 0.285530
41 1 0.363578
41 2 0.134989
41 3 0.367620
41 4 0.000000
41 5 0.156843
41 6 0.270083
41 7 0.338574
41 8 0.323568
41 9 0.200215
41 10 0.237372
41 11 0.046510
41 12 0.349304
41 13 0.013587
41 14 0.225854
41 15 0.175436
41 16 0.172397
41 17 0.390883
41 18 0.029356
41 19 0.094687
41 20 0.014143
41 21 0.000000
41 22 0.135858
41 23 0.309636
41 24 0.000000
41 25 0.305167
41 26 0.209384
41 27 0.171748
41 28 0.148257
41 29 0.055721
41 30 0.000000
41 31 0.219165
41 32 0.378855
41 33 0.167638
41 34 0.132738
41 35 0.262253
41 36 0.075329
41 37 0.426249
41 38 0.376117
41 39 0.154546
41 40 0.092446
41 41 1.000000
41 42 0.385249
41 43 0.306920
42 0 0.409546
42 1 0.411427
42 2 0.142695
42 3 0.189598
42 4 0.000000
42 5 0.133172
42 6 0.208826
42 7 0.377279
42 8 0.299178
42 9 0.188478
42 10 0.244516
42 11 0.191363
42 12 0.408307
42 13 0.041643
42 14 0.364372
42 15 0.204742
42 16 0.201292
42 17 0.351586
42 18 0.034473
42 19 0.198043
42 20 0.000000
42 21 0.000000
42 22 0.136570
42 23 0.285420
42 24 0.033322
42 25 0.187633
42 26 0.323718
42 27 0.219213
42 28 0.251477
42 29 0.000000
42 30 0.014776
42 31 0.317578
42 32 0.209581
42 33 0.096080
42 34 0.097314
42 35 0.143188
42 36 0.096880
42 37 0.384029
42 38 0.411396
42 39 0.380238
42 40 0.076154
42 41 0.385249
42 42 1.000000
42 43 0.325678
43 0 0.301741
43 1 0.593560
43 2 0.492151
43 3 0.259983
43 4 0.000000
43 5 0.197956
43 6 0.223164
43 7 0.428438
43 8 0.399585
43 9 0.397996
43 10 0.257315
43 11 0.122454
43 12 0.439462
43 13 0.188559
43 14 0.233016
43 15 0.207338
43 16 0.155307
43 17 0.420480
43 18 0.059858
43 19 0.135271
43 20 0.027947
43 21 0.000000
43 22 0.108964
43 23 0.312378
43 24 0.017852
43 25 0.256964
43 26 0.271665
43 27 0.348067
43 28 0.127525
43 29 0.099076
43 30 0.011865
43 31 0.413073
43 32 0.244026
43 33 0.227326
43 34 0.391706
43 35 0.154308
43 36 0.060426
43 37 0.281439
43 38 0.264982
43 39 0.231111
43 40 0.019810
43 41 0.306920
43 42 0.325678
43 43 1.000000
