0 0 1.000000
0 1 1.000000
0 2 1.000000
0 3 1.000000
0 4 1.000000
0 5 1.000000
0 6 1.000000
0 7 1.000000
0 8 1.000000
0 9 1.000000
0 10 1.000000
0 11 1.000000
0 12 1.000000
0 13 1.000000
0 14 1.000000
0 15 1.000000
0 16 1.000000
0 17 1.000000
0 18 1.000000
0 19 1.000000
0 20 1.000000
0 21 1.000000
0 22 1.000000
0 23 1.000000
0 24 1.000000
0 25 1.000000
1 0 1.000000
1 1 0.000000
1 2 1.000000
1 3 1.000000
1 4 1.000000
1 5 0.000000
1 6 1.000000
1 7 1.000000
1 8 0.000000
1 9 0.000000
1 10 1.000000
1 11 1.000000
1 12 1.000000
1 13 0.000000
1 14 1.000000
1 15 1.000000
1 16 1.000000
1 17 1.000000
1 18 1.000000
1 19 1.000000
1 20 1.000000
1 21 1.000000
1 22 1.000000
1 23 1.000000
1 24 1.000000
1 25 1.000000
2 0 1.000000
2 1 1.000000
2 2 0.000000
2 3 1.000000
2 4 1.000000
2 5 0.000000
2 6 1.000000
2 7 0.000000
2 8 0.000000
2 9 0.000000
2 10 1.000000
2 11 1.000000
2 12 1.000000
2 13 0.000000
2 14 0.000000
2 15 1.000000
2 16 1.000000
2 17 1.000000
2 18 1.000000
2 19 1.000000
2 20 1.000000
2 21 1.000000
2 22 1.000000
2 23 1.000000
2 24 1.000000
2 25 1.000000
3 0 1.000000
3 1 1.000000
3 2 1.000000
3 3 0.000000
3 4 1.000000
3 5 0.000000
3 6 1.000000
3 7 0.000000
3 8 0.000000
3 9 0.000000
3 10 1.000000
3 11 1.000000
3 12 1.000000
3 13 0.000000
3 14 1.000000
3 15 1.000000
3 16 1.000000
3 17 1.000000
3 18 1.000000
3 19 1.000000
3 20 1.000000
3 21 1.000000
3 22 1.000000
3 23 1.000000
3 24 1.000000
3 25 1.000000
4 0 1.000000
4 1 1.000000
4 2 1.000000
4 3 1.000000
4 4 0.000000
4 5 0.000000
4 6 0.000000
4 7 0.000000
4 8 0.000000
4 9 0.000000
4 10 0.000000
4 11 1.000000
4 12 1.000000
4 13 0.000000
4 14 0.000000
4 15 1.000000
4 16 0.000000
4 17 1.000000
4 18 1.000000
4 19 1.000000
4 20 1.000000
4 21 0.000000
4 22 1.000000
4 23 1.000000
4 24 1.000000
4 25 0.000000
5 0 1.000000
5 1 0.000000
5 2 0.000000
5 3 0.000000
5 4 0.000000
5 5 0.000000
5 6 0.000000
5 7 0.000000
5 8 0.000000
5 9 0.000000
5 10 0.000000
5 11 0.000000
5 12 0.000000
5 13 0.000000
5 14 0.000000
5 15 0.000000
5 16 0.000000
5 17 0.000000
5 18 0.000000
5 19 0.000000
5 20 0.000000
5 21 0.000000
5 22 0.000000
5 23 0.000000
5 24 0.000000
5 25 0.000000
6 0 1.000000
6 1 1.000000
6 2 1.000000
6 3 1.000000
6 4 0.000000
6 5 0.000000
6 6 0.000000
6 7 0.000000
6 8 0.000000
6 9 0.000000
6 10 0.000000
6 11 0.000000
6 12 0.000000
6 13 0.000000
6 14 1.000000
6 15 1.000000
6 16 0.000000
6 17 1.000000
6 18 1.000000
6 19 1.000000
6 20 1.000000
6 21 0.000000
6 22 1.000000
6 23 1.000000
6 24 1.000000
6 25 0.000000
7 0 1.000000
7 1 1.000000
7 2 0.000000
7 3 0.000000
7 4 0.000000
7 5 0.000000
7 6 0.000000
7 7 0.000000
7 8 0.000000
7 9 0.000000
7 10 0.000000
7 11 0.000000
7 12 0.000000
7 13 0.000000
7 14 0.000000
7 15 1.000000
7 16 0.000000
7 17 0.000000
7 18 0.000000
7 19 0.000000
7 20 0.000000
7 21 0.000000
7 22 0.000000
7 23 0.000000
7 24 0.000000
7 25 0.000000
8 0 1.000000
8 1 0.000000
8 2 0.000000
8 3 0.000000
8 4 0.000000
8 5 0.000000
8 6 0.000000
8 7 0.000000
8 8 0.000000
8 9 0.000000
8 10 0.000000
8 11 0.000000
8 12 0.000000
8 13 0.000000
8 14 0.000000
8 15 0.000000
8 16 0.000000
8 17 0.000000
8 18 0.000000
8 19 0.000000
8 20 0.000000
8 21 0.000000
8 22 0.000000
8 23 0.000000
8 24 0.000000
8 25 0.000000
9 0 1.000000
9 1 0.000000
9 2 0.000000
9 3 0.000000
9 4 0.000000
9 5 0.000000
9 6 0.000000
9 7 0.000000
9 8 0.000000
9 9 0.000000
9 10 0.000000
9 11 0.000000
9 12 0.000000
9 13 0.000000
9 14 0.000000
9 15 0.000000
9 16 0.000000
9 17 0.000000
9 18 0.000000
9 19 0.000000
9 20 0.000000
9 21 0.000000
9 22 0.000000
9 23 0.000000
9 24 0.000000
9 25 0.000000
10 0 1.000000
10 1 1.000000
10 2 1.000000
10 3 1.000000
10 4 0.000000
10 5 0.000000
10 6 0.000000
10 7 0.000000
10 8 0.000000
10 9 0.000000
10 10 0.000000
10 11 0.000000
10 12 0.000000
10 13 0.000000
10 14 0.000000
10 15 1.000000
10 16 0.000000
10 17 0.000000
10 18 1.000000
10 19 1.000000
10 20 1.000000
10 21 0.000000
10 22 1.000000
10 23 1.000000
10 24 1.000000
10 25 0.000000
11 0 1.000000
11 1 1.000000
11 2 1.000000
11 3 1.000000
11 4 1.000000
11 5 0.000000
11 6 0.000000
11 7 0.000000
11 8 0.000000
11 9 0.000000
11 10 0.000000
11 11 0.000000
11 12 1.000000
11 13 0.000000
11 14 0.000000
11 15 1.000000
11 16 0.000000
11 17 1.000000
11 18 1.000000
11 19 1.000000
11 20 1.000000
11 21 0.000000
11 22 1.000000
11 23 1.000000
11 24 1.000000
11 25 0.000000
12 0 1.000000
12 1 1.000000
12 2 1.000000
12 3 1.000000
12 4 1.000000
12 5 0.000000
12 6 0.000000
12 7 0.000000
12 8 0.000000
12 9 0.000000
12 10 0.000000
12 11 1.000000
12 12 0.000000
12 13 0.000000
12 14 0.000000
12 15 1.000000
12 16 0.000000
12 17 1.000000
12 18 1.000000
12 19 1.000000
12 20 1.000000
12 21 0.000000
12 22 1.000000
12 23 1.000000
12 24 1.000000
12 25 0.000000
13 0 1.000000
13 1 0.000000
13 2 0.000000
13 3 0.000000
13 4 0.000000
13 5 0.000000
13 6 0.000000
13 7 0.000000
13 8 0.000000
13 9 0.000000
13 10 0.000000
13 11 0.000000
13 12 0.000000
13 13 0.000000
13 14 0.000000
13 15 0.000000
13 16 0.000000
13 17 0.000000
13 18 0.000000
13 19 0.000000
13 20 0.000000
13 21 0.000000
13 22 0.000000
13 23 0.000000
13 24 0.000000
13 25 0.000000
14 0 1.000000
14 1 1.000000
14 2 0.000000
14 3 1.000000
14 4 0.000000
14 5 0.000000
14 6 1.000000
14 7 0.000000
14 8 0.000000
14 9 0.000000
14 10 0.000000
14 11 0.000000
14 12 0.000000
14 13 0.000000
14 14 0.000000
14 15 1.000000
14 16 0.000000
14 17 1.000000
14 18 1.000000
14 19 0.000000
14 20 0.000000
14 21 0.000000
14 22 1.000000
14 23 1.000000
14 24 1.000000
14 25 0.000000
15 0 1.000000
15 1 1.000000
15 2 1.000000
15 3 1.000000
15 4 1.000000
15 5 0.000000
15 6 1.000000
15 7 1.000000
15 8 0.000000
15 9 0.000000
15 10 1.000000
15 11 1.000000
15 12 1.000000
15 13 0.000000
15 14 1.000000
15 15 0.000000
15 16 1.000000
15 17 1.000000
15 18 1.000000
15 19 1.000000
15 20 1.000000
15 21 1.000000
15 22 1.000000
15 23 1.000000
15 24 1.000000
15 25 1.000000
16 0 1.000000
16 1 1.000000
16 2 1.000000
16 3 1.000000
16 4 0.000000
16 5 0.000000
16 6 0.000000
16 7 0.000000
16 8 0.000000
16 9 0.000000
16 10 0.000000
16 11 0.000000
16 12 0.000000
16 13 0.000000
16 14 0.000000
16 15 1.000000
16 16 0.000000
16 17 1.000000
16 18 1.000000
16 19 1.000000
16 20 1.000000
16 21 0.000000
16 22 1.000000
16 23 1.000000
16 24 1.000000
16 25 0.000000
17 0 1.000000
17 1 1.000000
17 2 1.000000
17 3 1.000000
17 4 1.000000
17 5 0.000000
17 6 1.000000
17 7 0.000000
17 8 0.000000
17 9 0.000000
17 10 0.000000
17 11 1.000000
17 12 1.000000
17 13 0.000000
17 14 1.000000
17 15 1.000000
17 16 1.000000
17 17 0.000000
17 18 1.000000
17 19 1.000000
17 20 1.000000
17 21 0.000000
17 22 1.000000
17 23 1.000000
17 24 1.000000
17 25 0.000000
18 0 1.000000
18 1 1.000000
18 2 1.000000
18 3 1.000000
18 4 1.000000
18 5 0.000000
18 6 1.000000
18 7 0.000000
18 8 0.000000
18 9 0.000000
18 10 1.000000
18 11 1.000000
18 12 1.000000
18 13 0.000000
18 14 1.000000
18 15 1.000000
18 16 1.000000
18 17 1.000000
18 18 0.000000
18 19 1.000000
18 20 1.000000
18 21 1.000000
18 22 1.000000
18 23 1.000000
18 24 1.000000
18 25 1.000000
19 0 1.000000
19 1 1.000000
19 2 1.000000
19 3 1.000000
19 4 1.000000
19 5 0.000000
19 6 1.000000
19 7 0.000000
19 8 0.000000
19 9 0.000000
19 10 1.000000
19 11 1.000000
19 12 1.000000
19 13 0.000000
19 14 0.000000
19 15 1.000000
19 16 1.000000
19 17 1.000000
19 18 1.000000
19 19 0.000000
19 20 1.000000
19 21 1.000000
19 22 1.000000
19 23 1.000000
19 24 1.000000
19 25 1.000000
20 0 1.000000
20 1 1.000000
20 2 1.000000
20 3 1.000000
20 4 1.000000
20 5 0.000000
20 6 1.000000
20 7 0.000000
20 8 0.000000
20 9 0.000000
20 10 1.000000
20 11 1.000000
20 12 1.000000
20 13 0.000000
20 14 0.000000
20 15 1.000000
20 16 1.000000
20 17 1.000000
20 18 1.000000
20 19 1.000000
20 20 0.000000
20 21 1.000000
20 22 1.000000
20 23 1.000000
20 24 1.000000
20 25 1.000000
21 0 1.000000
21 1 1.000000
21 2 1.000000
21 3 1.000000
21 4 0.000000
21 5 0.000000
21 6 0.000000
21 7 0.000000
21 8 0.000000
21 9 0.000000
21 10 0.000000
21 11 0.000000
21 12 0.000000
21 13 0.000000
21 14 0.000000
21 15 1.000000
21 16 0.000000
21 17 0.000000
21 18 1.000000
21 19 1.000000
21 20 1.000000
21 21 0.000000
21 22 1.000000
21 23 1.000000
21 24 1.000000
21 25 0.000000
22 0 1.000000
22 1 1.000000
22 2 1.000000
22 3 1.000000
22 4 1.000000
22 5 0.000000
22 6 1.000000
22 7 0.000000
22 8 0.000000
22 9 0.000000
22 10 1.000000
22 11 1.000000
22 12 1.000000
22 13 0.000000
22 14 1.000000
22 15 1.000000
22 16 1.000000
22 17 1.000000
22 18 1.000000
22 19 1.000000
22 20 1.000000
22 21 1.000000
22 22 0.000000
22 23 1.000000
22 24 1.000000
22 25 1.000000
23 0 1.000000
23 1 1.000000
23 2 1.000000
23 3 1.000000
23 4 1.000000
23 5 0.000000
23 6 1.000000
23 7 0.000000
23 8 0.000000
23 9 0.000000
23 10 1.000000
23 11 1.000000
23 12 1.000000
23 13 0.000000
23 14 1.000000
23 15 1.000000
23 16 1.000000
23 17 1.000000
23 18 1.000000
23 19 1.000000
23 20 1.000000
23 21 1.000000
23 22 1.000000
23 23 0.000000
23 24 1.000000
23 25 1.000000
24 0 1.000000
24 1 1.000000
24 2 1.000000
24 3 1.000000
24 4 1.000000
24 5 0.000000
24 6 1.000000
24 7 0.000000
24 8 0.000000
24 9 0.000000
24 10 1.000000
24 11 1.000000
24 12 1.000000
24 13 0.000000
24 14 1.000000
24 15 1.000000
24 16 1.000000
24 17 1.000000
24 18 1.000000
24 19 1.000000
24 20 1.000000
24 21 1.000000
24 22 1.000000
24 23 1.000000
24 24 0.000000
24 25 1.000000
25 0 1.000000
25 1 1.000000
25 2 1.000000
25 3 1.000000
25 4 0.000000
25 5 0.000000
25 6 0.000000
25 7 0.000000
25 8 0.000000
25 9 0.000000
25 10 0.000000
25 11 0.000000
25 12 0.000000
25 13 0.000000
25 14 0.000000
25 15 1.000000
25 16 0.000000
25 17 0.000000
25 18 1.000000
25 19 1.000000
25 20 1.000000
25 21 0.000000
25 22 1.000000
25 23 1.000000
25 24 1.000000
25 25 0.000000
